0                         0.008033167609653799     4578.185509364438
0.0014079041431609425     0.008033081869568371     4578.10971347765
0.002817735625913708      0.00803294179474921      4577.881904237249
0.004229180171989493      0.00803271566662448      4577.501531235916
0.005642243486164387      0.008032390148355958     4576.968024674322
0.007056925327810696      0.008031975265350958     4576.280794475648
0.008473228268394027      0.008031462756756353     4575.439229522741
0.009891153217233767      0.008030852227282196     4574.442697020958
0.011310701587324064      0.008030142691240973     4573.290542137042
0.012731874894196584      0.008029333415004442     4571.982087984109
0.014154674895139658      0.008028426563571531     4570.5166356970285
0.015579103781925292      0.008027416552958775     4568.893462545209
0.017005161837161494      0.00802630503411439      4567.111822854812
0.01843285110152214       0.008025090354627241     4565.170946623181
0.019862172525579494      0.008023775125602187     4563.070041190392
0.021293128557654133      0.00802235553148179      4560.808288789003
0.02272571969258675       0.00802083593881606      4558.384849064053
0.024159948432868995      0.008019212425334748     4555.798855561266
0.025595815584352744      0.00801748793353952      4553.049418461484
0.027033323452220613      0.008015657719551332     4550.135620708858
0.02847247253728567       0.008013727152432051     4547.056522478483
0.029913265333917555      0.008011690452692689     4543.811155390196
0.03135570210590118       0.008009554424378746     4540.398529283835
0.03279978529024705       0.008007315743129186     4536.817626541344
0.03424551620310308       0.008004978176041387     4533.06740667614
0.035692897257606715      0.00800253612483479      4529.146798237441
0.03714192947962202       0.007999991066540401     4525.0547041792115
0.03859261418994902       0.007997343264547305     4520.789998182786
0.04004495299462614       0.007994591351372904     4516.3515268716665
0.04149894701133312       0.007991739926446487     4511.738111869137
0.04295459882929791       0.007988780625099967     4506.948540221111
0.044411908573363384      0.007985722877716914     4501.9815779549945
0.0458708787785365        0.007982560439005675     4496.835956091439
0.04733151040032267       0.0079792982311042       4491.510383463112
0.048793805655937106      0.007975931046273596     4486.003531266668
0.05025776543829853       0.00797246259280469      4480.3140467653675
0.05172339175505629       0.007968889384944288     4474.440541160752
0.05319068536964128       0.007965216785137215     4468.381597715235
0.05465964827321973       0.007961440433954078     4462.135769790837
0.05613028153534487       0.007957566836181337     4455.701584084755
0.057602587877163595      0.007953584496464761     4449.07752195687
0.05907656733274228       0.007949504741830662     4442.262046925696
0.06055222242056486       0.007945318777126393     4435.2535748232585
0.06202955326491698       0.007941036890863354     4428.05050583644
0.06350856206922273       0.007936654541402388     4420.651200694566
0.06498925002275836       0.00793217469528682      4413.053995497551
0.06647161890044673       0.007927595352745436     4405.25718197948
0.06795566937817446       0.007922923478379768     4397.2590386500415
0.06944140363872238       0.007918156642999585     4389.057804234468
0.07092882340304964       0.007913292916438261     4380.6516791995255
0.07241792993090121       0.007908332575816461     4372.038826373033
0.0739087242218416        0.007903279038424199     4363.217383944113
0.07540120791477603       0.007898132595070948     4354.185457879847
0.07689538288527903       0.007892888817894026     4344.941106656334
0.07839124984913988       0.007887554967767543     4335.482355725231
0.0798888099853517        0.007882132321692548     4325.807210393103
0.08138806489405769       0.007876623253238194     4315.913651683372
0.08288901690826586       0.007871018343274578     4305.799591523088
0.0843916661475395        0.00786532796649685      4295.462938747627
0.08589601436638476       0.007859553021081057     4284.901558956525
0.08740206300332254       0.007853694400950635     4274.11328553085
0.08890981341371695       0.007847752877778967     4263.095919692796
0.0904192669052079        0.007841730077207289     4251.8472313502825
0.09193042482232973       0.007835627647144891     4240.36495870347
0.09344328853091623       0.007829447152623788     4228.646807983715
0.0949578594617004        0.00782318885265992      4216.690451031404
0.09647413909288621       0.007816849923829606     4204.493515374107
0.09799212807842676       0.0078104420388268965    4192.053607350497
0.0995118278932705        0.007803962178681828     4179.3683079457
0.10103323940555504       0.007797420368672712     4166.435191853063
0.10255636516402232       0.0077908024727481005    4153.251751452505
0.10408120481004084       0.007784126640589256     4139.815512509161
0.10560776067162697       0.007777388642136001     4126.123932210492
0.10713603341503333       0.0077705934260171895    4112.174481701272
0.10866602493590868       0.0077637383554874685    4097.964556225901
0.11019773548873768       0.007756834017287129     4083.4915818286804
0.11173116682414201       0.007749879383211767     4068.752942149893
0.11326632020284669       0.007742879322135851     4053.7459925438748
0.1148031967944778        0.007735834507793915     4038.4680753140346
0.11634179746541529       0.007728750950088251     4022.916535768437
0.11788212360548914       0.0077216316029283       4007.0886959038867
0.11942417657780081       0.007714477162788788     3990.981849570125
0.12096795726578566       0.007707292732526776     3974.593292516888
0.12251346671210613       0.007700083550203686     3957.9203196663034
0.12406070610568139       0.007692853695831332     3940.960220149782
0.12560967661715183       0.007685606922648631     3923.7102800302127
0.12716037943614472       0.007678345397470163     3906.1677784226245
0.1287128156080614        0.007671072026136766     3888.3299901503133
0.1302669858212442        0.007663801615008975     3870.194219055884
0.13182289142861067       0.007656531229358269     3851.757780296623
0.13338053284341994       0.007649276893602943     3833.018054867572
0.1349399125361297        0.007642023404803031     3813.972339134358
0.1365010300457253        0.007634793661641983     3794.618045846466
0.13806388750587545       0.007627580972433275     3774.952534088439
0.13962848464378208       0.007620408587227649     3754.9732905445053
0.1411948233653133        0.007613267606635497     3734.677782628154
0.14276290370629102       0.0076061799568183895    3714.063586325951
0.14433272747246506       0.007599144721831232     3693.128297187697
0.14590429521008497       0.00759217018744319      3671.8696219613785
0.14747760876309188       0.007585244576867916     3650.2851993491
0.14905266755029592       0.007578407775102978     3628.372839679713
0.1506294732327897        0.007571655755547708     3606.130465449993
0.15220802682129508       0.007564995818271685     3583.5560745562752
0.1537883299714642        0.007558420219938637     3560.6476339008414
0.1553703823098893        0.0075519502523768356    3537.403313851428
0.15695418466210018       0.007545605101462802     3513.821407299109
0.15853973808246216       0.007539392894168761     3489.9003632481804
0.1601270433453437        0.00753332468288401      3465.638820143087
0.1617161023564053        0.007527386624507471     3441.0353853492707
0.16330691442394812       0.0075216160989183       3416.0889434650385
0.16489948088365528       0.007516015942887351     3390.798542080291
0.1664938022262207        0.007510608224828644     3365.1634507394515
0.16808987999795674       0.007505388382404745     3339.183070308258
0.16968771411754888       0.0075003809846983585    3312.8570995373148
0.1712873060461931        0.00749558760330512      3286.185331080132
0.1728886558705309        0.007491036302142688     3259.167889593313
0.1744917646910576        0.0074867338498415875    3231.805154165391
0.17609663325350788       0.0074826956410224       3204.097760217434
0.1777032623310835        0.007478935080778743     3176.046607531523
0.1793116527122718        0.007475466524917756     3147.652859584954
0.18092180495553356       0.007472309683392752     3118.918048100064
0.18253371981268363       0.0074694814022139965    3089.8440567556518
0.18414739808816002       0.007466993414091507     3060.4330741699105
0.18576284053081607       0.00746485801795025      3030.6875800439966
0.18738004773882044       0.007463105652396072     3000.6104547563095
0.18899902023501713       0.00746175121550594      2970.2050636188455
0.19061975868673367       0.007460822115295192     2939.475183572089
0.19224226429205332       0.007460317003595817     2908.4249513464215
0.1938665368288417        0.007460277070788363     2877.0590616351756
0.195492577816472         0.007460697182439817     2845.3824793548106
0.1971203874182818        0.007461627034417406     2813.4006731592403
0.19874996640492074       0.0074630819030203285    2781.119757624203
0.20038131564915496       0.007465085452970747     2748.54632133412
0.20201443572356742       0.007467637415235748     2715.687362546332
0.20364932682559028       0.007470786915793332     2682.550469913427
0.20528598974470472       0.007474550982272763     2649.1438081763267
0.2069244251875595        0.007478951822595146     2615.476045890473
0.20856463373607298       0.007484015080838174     2581.556411766595
0.21020661593300158       0.007489767096916026     2547.3947016597504
0.21185037262860593       0.0074962376737925775    2513.001261775367
0.21349590411602576       0.0075034448244552234    2478.3870954644913
0.2151432109264994        0.007511436189998403     2443.563802912213
0.21679229366046984       0.0075202025870672075    2408.5435267572734
0.2184431525326964        0.007529812446680246     2373.338945987097
0.2200957885301197        0.007540271104791921     2337.9634136729624
0.2217502017165362        0.007551623040988697     2302.43087510524
0.2234063927815719        0.007563879732051064     2266.75577504865
0.22506436168175314       0.00757708935894628      2230.953134898622
0.22672606322482486       0.007591294191963395     2194.9961774350854
0.22839426790284023       0.007606551549420049     2158.840771350764
0.23006980431781962       0.007622923173769582     2122.4853487145
0.23175270194558525       0.007640427500564504     2085.9465303861425
0.23344299141708055       0.007659139663182064     2049.241638429838
0.23514070263061806       0.007679079413354764     2012.3888999721787
0.2368458666451709        0.007700313484105547     1975.407227681336
0.23855851364650305       0.007722881422813269     1938.316457046472
0.24027867402499564       0.0077468320669616675    1901.1371287940356
0.2420063786984263        0.007772213390400707     1863.890482285924
0.24374165858032448       0.007799077087198032     1826.5984854673984
0.24548454432516162       0.007827477119902972     1789.2837897208533
0.2472350663941159        0.007857463004565083     1751.969642042816
0.24899325582026555       0.007889083841611976     1714.6797940282934
0.25075914376734487       0.007922401673333208     1677.4385287795953
0.25253276086034143       0.007957474052485463     1640.2706373791905
0.25431413903801575       0.007994341059118223     1603.2011548625662
0.2561033093738396        0.008033055020375431     1566.2554199693311
0.25790030343127796       0.008073698177036315     1529.4590275123248
0.2597051500677035        0.0081163045636823       1492.8379489278445
0.2615178831437886        0.008160942107959817     1456.417812322665
0.26333853316139977       0.008207668761788132     1420.2245042717118
0.26516713237417583       0.008256542526279052     1384.2837295810843
0.2670037103374925        0.008307615037659189     1348.6211276633037
0.2688483006041125        0.008360952430294132     1313.261786227482
0.2707009336224154        0.008416599724951146     1278.2305684756252
0.27256164334475086       0.008474623167818671     1243.5516500041733
0.27443045887615536       0.008535075904979567     1209.248921099211
0.2763074142938365        0.008598020564535454     1175.3453435524984
0.2781925397941668        0.00866351002955301      1141.8633295972224
0.2800858702728791        0.008731601815559499     1108.8242563007093
0.2819874345959406        0.008802355652298019     1076.2488609071447
0.28389726798228215       0.008875825277920775     1044.1566341898476
0.2858154002975239        0.008952062444151823     1012.5662316292614
0.28774186745732505       0.009031117530374581     981.4949372787195
0.2896766995336216        0.009113049867764627     950.9590888552038
0.29161993159357646       0.009197915703586159     920.9736214170205
0.29357159432573093       0.009285766323667396     891.5523971806707
0.295531722016634         0.009376660173043063     862.7078461663754
0.29750034856402385       0.009470626941073765     834.4511778940772
0.29947750746107304       0.009567721442851042     806.7921729830502
0.3014632336514053        0.009667999467161554     779.7392294513133
0.303457556744605         0.009771516738542579     753.2996025852525
0.3054605149696843        0.009878306920132392     727.478984707777
0.3074721423911338        0.009988417613152542     702.2818251269808
0.3094924714231743        0.010101907198030759     677.711301367463
0.3115215371464235        0.010218798485159872     653.7693510240484
0.31355937486501656       0.010339145905936377     630.4565415207206
0.3156060225218796        0.010462968844594337     607.7722520565914
0.31766151079449256       0.010590350030723405     585.7147236302384
0.3197258807663292        0.010721280072868442     564.2810928454754
0.32179916475483133       0.010855829258970929     543.4674006138684
0.3238814022514276        0.0109940163038823       523.2686670572609
0.32597262472715194       0.011135901261054333     503.67906404686255
0.32807287376532573       0.0112814890737261       484.6917870933885
0.3301821860898327        0.011430824321860043     466.29918547910984
0.33230059727578765       0.01158395047907209      448.4928982000548
0.33442814325942355       0.011740906720265594     431.26390613372394
0.3365648637146766        0.011901700906422345     414.60256564431285
0.3387107968837918        0.01206637638762711      398.49857653158773
0.34086598401040524       0.01223494043966892      382.941166669451
0.343030458329002         0.012407474219477873     367.91909100854576
0.34520426464752496       0.012583946316412138     353.42081483198467
0.34738743817311585       0.012764430595318314     339.4343669055039
0.34958002121683224       0.012948914835968982     325.9476178913732
0.3517820522869625        0.013137447243195297     312.9481105153954
0.35399357367250983       0.013330043453979899     300.42324935541285
0.35621462092201306       0.013526763769489676     288.3603464272452
0.35844523753133894       0.013727599082980638     276.7466826387322
0.3606854665416496        0.01393257005958393      265.5694199762422
0.3629353492380994        0.014141707445090192     254.81572955541708
0.3651949250785446        0.014355049804739402     244.47285003389032
0.3674642340937214        0.014572626606599422     234.52812464241634
0.36974331981503833       0.01479443850209471      224.96901113591318
0.37203222505491185       0.015020522446624905     215.78302318932816
0.37433099386846946       0.015250883621322764     206.95788594720213
0.37663966486093575       0.015485588664150361     198.4814547377699
0.37895828494331185       0.015724610695605795     190.34187531093465
0.3812868949834077        0.01596800306596131      182.52741575496862
0.38362554153452516       0.016215762390393188     175.02661872983808
0.38597426410908575       0.016467950524627083     167.82823549188734
0.38833310794729636       0.016724568179853492     160.92132570447356
0.39070211759587603       0.01698563746864368      154.2951815597914
0.3930813367598772        0.017251183245386936     147.93936967395885
0.39547080985361494       0.01752123457084575      141.84371875203902
0.39787058222953414       0.017795803780097198     135.99835531281704
0.40028069516523124       0.018074946608584136     130.39366205430113
0.40270119650703035       0.01835864987155524      125.02035707270483
0.4051321283565112        0.018646969871045208     119.86938703036051
0.4075735378964077        0.0189399070621126       114.93202410055305
0.41002546857854977       0.01923750712908645      110.19978789223234
0.41248796679339306       0.019539780225582577     105.66450621447405
0.41496107617180905       0.01984677068122687      101.31825844687481
0.41744484282886435       0.020158493332448818     97.15341977962194
0.4199393113175267        0.02047498573830257      93.16261422646637
0.42244452845306973       0.020796260984711552     89.33874345389412
0.42496053801532424       0.02112236550571767      85.67494987730475
0.42748738629492306       0.021453317871917725     82.1646460673289
0.43002511870690185       0.021789149776121237     78.80147862477553
0.43257378074881775       0.022129890965274505     75.57933745609394
0.4351334173717711        0.02247557703051891      72.49234353070416
0.437704074513699         0.02282623456498366      69.53485156217947
0.4402857970647843        0.02318189970190359      66.70143073604538
0.44287863109531567       0.023542598405932418     63.986869142937515
0.4454826214033026        0.023908370554458852     61.386156642351246
0.4480978132963323        0.024279251681721608     58.89448800766196
0.4507313857854261        0.024656296643828644     56.500920950144504
0.45339368832606425       0.02504106467487851      54.193184064021054
0.456088078723058         0.0254341519500689       51.96637224532109
0.4588149364972394        0.025835727992368277     49.81837197538958
0.46157464539800314       0.02624596425273413      47.747085042319746
0.46436759290492724       0.026665039931884515     45.75043054248829
0.4671941705769873        0.0270931391738444       43.82634812519826
0.4700547738904736        0.02753045329998211      41.972799816123576
0.4729498032843633        0.027977167380524772     40.187774743104285
0.4758796631473169        0.02843347611058678      38.46928563738267
0.47884476306513707       0.028899568807582206     36.81537429528296
0.4818455152544033        0.029375654719959097     35.22410817552092
0.48488233747207743       0.029861936681173342     33.69358683872542
0.48795565067261987       0.030358633753109234     32.221939520127506
0.49106588184928907       0.03086595307166774      30.807330893336754
0.4942134614146676        0.03138411741849756      29.4479562980982
0.4973988255042626        0.031913342608614115     28.142047070032376
0.5006224126355399        0.032453867539853236     26.88786651191198
0.5038846679262966        0.03300591923717511      25.683715951380712
0.5071860394957218        0.03356974304407885      24.52793090734383
0.5105269811229172        0.03414558257852472      23.418884200351506
0.5139079513766459        0.03473368322383217      22.354985971232853
0.5173294127131316        0.035334304201883694     21.33468192333355
0.5207918341097404        0.03594769578979139      20.35645664033709
0.5242956867097897        0.03657413370565418      19.41882958754573
0.5278414491357787        0.03721388095172872      18.520359410346142
0.5314296027187432        0.03786722227816652      17.65964032383854
0.5350606354228674        0.03853443481712876      16.835305048326113
0.5387350391947783        0.03921580857597565      16.046022354590345
0.5424533111712838        0.03991163901817548      15.290497758977306
0.5462159539106927        0.04062222583443476      14.567473292085262
0.5500234740731639        0.041347880829140427     13.875726642625592
0.5538763840744497        0.042088917481675564     13.214071594344057
0.5577752016396647        0.042845655111113726     12.581357135844135
0.5617204487149929        0.04361842666485426      11.976466553378579
0.5657126532422456        0.04440756502383907      11.398318095264056
0.5697523476489313        0.045213415738802054     10.845863316210187
0.5738400707232414        0.046036324909764136     10.318087420935706
0.577976364588704         0.04687665737457272      9.814007662574943
0.5821617785437105        0.047734774743440365     9.332673954847984
0.5863968653603874        0.04861105676691688      8.873167176052304
0.5906821844687354        0.049505883223934836     8.434599423129862
0.595018299929543         0.05041964669338545      8.016112687484453
0.5994057812466573        0.05135274690962256      7.616878595577962
0.6038452025938568        0.052305595966039155     7.236097473469655
0.6083371448508517        0.053278607374430534     6.872998102990983
0.6128821923911784        0.05427221417268221      6.52683632189203
0.6174809365775336        0.05528684939769957      6.196895142340301
0.6221339727883531        0.05632296322919067      5.882483382113899
0.6268419030009527        0.057381008951164256     5.5829355072046845
0.6316053331060976        0.058461457050819385     5.297610476658347
0.6364248755473367        0.0595647822887157       5.0258914689582515
0.6413011469186842        0.06069147605395408      4.767184850088366
0.6462347698392907        0.06184203693479788      4.520919767485712
0.6512263722009075        0.06301697450437532      4.2865473750572045
0.6562765868643603        0.0642168112685539       4.0635401243030564
0.6613860523807847        0.06544207928388404      3.851391198399257
0.6665554117684973        0.06669332641799815      3.6496137350473523
0.6718022767871381        0.06797527213548565      3.4571371967177225
0.6771570619694114        0.06929598070575996      3.2726287768533067
0.6826341731814856        0.07065980573823559      3.0955078098482223
0.6882363076847723        0.07206830187585708      2.9256318356615587
0.6939662171004569        0.07352308134409025      2.762852235836731
0.6998267065706212        0.07502582305502827      2.6070146546765685
0.7058206370233289        0.07657826843947291      2.4579596568077484
0.7119509243004442        0.07818223056403538      2.315523165982379
0.7182205411923102        0.07983959114001143      2.179537101632261
0.7246325166334285        0.08155230918743447      2.0498298390213447
0.731189937645539         0.08332241860879966      1.9262268238601663
0.7378959485430918        0.0851520366615745       1.8085510362867467
0.7447537526674639        0.08704336245202009      1.6966235724163317
0.7517666115348491        0.08899868546551697      1.5902641000226756
0.7589378467206322        0.0910203836228224       1.489291412951709
0.7662708384155356        0.09311093366657167      1.3935238520610693
0.7737690275060667        0.09527290864170586      1.3027798308217708
0.7814359146714163        0.09750898632355649      1.2168782388780706
0.789275060845011         0.0998219520992183       1.1356388857388908
0.7972900872698215        0.10221470384518717      1.0588829041478571
0.8054846743261619        0.10469025555256531      0.9864331482188123
0.8138625594339658        0.10725174194505609      0.9181145615046179
0.8224275437623688        0.10990242607006881      0.853754451693086
0.8311834879828447        0.11264570459207403      0.7931828384824016
0.8401343126804662        0.1154851094305143       0.7362327589667782
0.8492839964686532        0.11842431771998858      0.6827405113844326
0.8586365759181073        0.12146715568099725      0.6325459049530718
0.8681961444894293        0.12461760553540097      0.5854924706667691
0.8779668511957346        0.12787981321074748      0.5414276489050329
0.8879721438709577        0.13126464724040057      0.500126996047348
0.898265605096991         0.13479388733682893      0.46128802526952534
0.9088842065910061        0.1384846180840302       0.4247268761789755
0.9198374829888284        0.14234506332951458      0.39037519378324737
0.931135181956023         0.14638390526838166      0.35816129912316347
0.9427872650246456        0.1506103038779887       0.32801067411316354
0.9548039034444958        0.1550339294510476       0.2998464248070724
0.9671954757497806        0.15966498945632335      0.2735897545674644
0.9799725612214703        0.1645142654852904       0.24916042347552128
0.9931459371490003        0.1695931385093324       0.22647721052673067
1.0067265691920442        0.17491363112879635      0.20545834739437907
1.0207256046235622        0.18048844019426283      0.18602194262076147
1.0351543618381338        0.18633097750750993      0.16808638615590965
1.0500243190828047        0.19245540981851314      0.15157072469881538
1.0653471013621685        0.19887670140407732      0.1363950200797073
1.0811344632958257        0.2056106633656324       0.12248066800998614
1.097408802917464         0.2126786086391058       0.1097429473746766
1.114222598504108         0.22011653570815345      0.09808303947483683
1.1316204566575387        0.22795922728050033      0.08742068801016487
1.1496194405680713        0.2362310000531487       0.07769857928610108
1.1682367668584448        0.24495771878677514      0.0688596948239878
1.1874897550126562        0.2541669108719903       0.060847647348592056
1.2073957803285176        0.2638878590223581       0.053607009126628365
1.2279721817285605        0.27415171201089633      0.04708360202735533
1.2492362467751923        0.28499161287066244      0.041224745075021975
1.2712051145240537        0.29644282982460546      0.03597948217147478
1.293895683495847         0.3085428730849338       0.03129878335091331
1.3173260979886547        0.32133251659705575      0.027135439832259335
1.3415141965688113        0.33485523523756183      0.023444584442069972
1.3664757318298635        0.34915641620743515      0.020183955955215074
1.3922256829379274        0.36428428809940544      0.01731364283492022
1.4187781402325073        0.3802901135278712       0.014796118731120604
1.4461461242984386        0.39722836521738053      0.01259626290679065
1.4743413802994056        0.415156910500845        0.010681354095388345
1.503352843088501         0.43412305893701914      0.009022162226323975
1.5331491430291242        0.45416359821276425      0.007591873041115819
1.5637165291372235        0.4753297003732814       0.006364223558934795
1.5950558556061296        0.497686814091999        0.005314510067265604
1.6271654399884214        0.5213039488561779       0.0044204686693546155
1.6600408624104641        0.5462539103285582       0.003662103980387052
1.6936280355071331        0.5725763382941715       0.003022330720870431
1.7278490185204431        0.60029315893882         0.002485722951073642
1.7626669862397215        0.6294607276957703       0.0020375758947087574
1.7980599896599652        0.6601528245900716       0.0016647329159819866
1.8340019768479632        0.6924463080365395       0.001355761268309903
1.8704006873277492        0.7263626213974563       0.0011011443522671463
1.9071450987381013        0.7619036451595286       8.924935193387848E-4
1.9441805522023203        0.7991249514727131       7.221422123598475E-4
1.9814617083436288        0.8380967306954328       5.835172308717853E-4
2.018900237254308         0.8788487876052178       4.711779543975927E-4
2.0563695867654284        0.9213672210163998       3.8055844113985926E-4
2.0937775486077177        0.9656728202481698       3.0768086115700807E-4
2.1310614589745973        1.011823376239926        2.4917094165241636E-4
2.168112397629509         1.0598223330052698       2.0230099443362695E-4
2.20479742045028          1.1096364271232664       1.6482549771186235E-4
2.2410226438294933        1.161279181964222        1.3485237325646523E-4
2.2767083673484203        1.2147857121676937       1.1083632904331115E-4
2.3117234847325325        1.270112790535931        9.156074218486234E-5
2.3459415646561896        1.3272129881657015       7.603855746630465E-5
2.379281785361991         1.386108982366301        6.346351535820843E-5
2.4116316924881556        1.446767331716555        5.3211409824421106E-5
2.442868662993437         1.509124772161887        4.479350180470976E-5
2.4728987590401617        1.573164542760885        3.782090976796194E-5
2.501622255635599         1.6388534501932717       3.199397682212559E-5
2.528926506893521         1.7061180182276867       2.708367882883886E-5
2.5547162152140825        1.7749127372272446       2.291057208583079E-5
2.578900320553398         1.84519479274623         1.9335840234114707E-5
2.6013783744834043        1.916881404812202        1.6253268450829412E-5
2.6220622672392073        1.9899098221311728       1.357836570569702E-5
2.6408693517506445        2.0642232615543525       1.1243778939105172E-5
2.65771285277196          2.139731044453266        9.196157638212227E-6
2.6725160211846823        2.216362055712297        7.3912968657085564E-6
2.6852054279711184        2.294041814579868        5.792806280683883E-6
2.6957085392295657        2.3726712326974235       4.3708533993848375E-6
2.7039612939498876        2.452174457508995        3.1000499266559445E-6
2.7099020230925013        2.5324605758648033       1.959315417470875E-6
2.713473452660091         2.613425452982144        9.310183307568784E-7
2.714624432610226         2.6949755714590147       0
