0                         0.01166442880202659      5667.133110596968
0.002332424939312606      0.011664316160865083     5667.0863147364835
0.00466781464082159       0.011664164355158324     5666.945686610139
0.007008312926369535      0.011663925255582248     5666.710597369577
0.00935393441885628       0.011663563939323407     5666.3804063420785
0.011704687170975999      0.011663109795861557     5665.9544606633035
0.014060586080660513      0.011662546669383763     5665.432094897647
0.016421639800433548      0.011661872028858569     5664.812630414833
0.018787859443211086      0.011661084830374872     5664.0953748248885
0.021159255982690146      0.01166018277612592      5663.279622000984
0.023535840430898645      0.011659168397026106     5662.364652027841
0.025917624872652548      0.011658035079830969     5661.34973012048
0.028304618844705098      0.011656785452436785     5660.234107371653
0.03069683441408813       0.011655417237949875     5659.017019402358
0.03309428218899052       0.011653929708406783     5657.697686788114
0.03549697352129586       0.01165232224324068      5656.275314679163
0.03790491923263815       0.011650597676531732     5654.749093097915
0.04031813208868446       0.011648748324848763     5653.118194715627
0.0427366223692523        0.011646777403015663     5651.381776727097
0.045160402169427315      0.011644678104530072     5649.538977430336
0.04758948167137314       0.011642453215545571     5647.588918961638
0.05002387271410314       0.011640099704177983     5645.530704657347
0.052463586423280084      0.01163761611115073      5643.363419793744
0.054908633949961816      0.011635002017978008     5641.086131297669
0.05735902663698662       0.011632257203879993     5638.6978874072975
0.0598147760742289        0.011629380862894993     5636.197717203097
0.062275894061228215      0.011626370294628605     5633.58462943356
0.0647423921396784        0.011623221747383443     5630.857611609137
0.06721428057625996       0.011619940124165567     5628.015631873507
0.06969157161160477       0.011616519592290464     5625.057636798774
0.0721742762569254        0.011612964343586846     5621.982552974856
0.07466240736425427       0.011609263068688026     5618.789280198901
0.07715597452852363       0.011605425166898657     5615.476701657063
0.07965499065365436       0.011601442470390215     5612.043672293054
0.08215946601053896       0.011597322207452224     5608.489029712499
0.08466941355793554       0.011593055475841677     5604.811582159583
0.08718484386073898       0.011588648142086372     5601.010118937893
0.08970576987157207       0.011584090587177681     5597.083397358971
0.09223220197815514       0.011579388667451798     5593.0301548356065
0.09476415273264949       0.01157453376062265      5588.849096468709
0.09730163251035835       0.011569533943235476     5584.538908004016
0.09984465443548239       0.011564377771775354     5580.098239180699
0.10239322912518853       0.01155907154889638      5575.525718385675
0.10494736913572691       0.011553609123798306     5570.819936097263
0.10750708506426647       0.011547993164797815     5565.979465064845
0.11007238983372652       0.01154221726369848      5561.002834870399
0.11264329401483919       0.01153628432695031      5555.8885551133935
0.11521981003785943       0.011530192125743232     5550.635097820611
0.11780194974994695       0.011523938279741897     5545.240902559813
0.12038972494961069       0.011517517793802279     5539.704373577997
0.1229831466480255        0.011510937671088538     5534.023885434097
0.12558222688819612       0.011504192122824854     5528.197775776483
0.12818697704133003       0.011497284998357612     5522.224355200442
0.1307974101969163        0.011490210121102443     5516.101882174139
0.13341353742613618       0.011482963136906218     5509.82859315705
0.13603537177089983       0.011475538055181051     5503.402661984143
0.1386629231316812        0.011467944738399684     5496.822244499873
0.14129620380340083       0.011460182094302312     5490.085450233242
0.14393522611939671       0.011452243687629603     5483.190350062204
0.14658000252846545       0.011444125243385048     5476.134955582814
0.149230543624454         0.011435827639012297     5468.917255263443
0.15188686181375713       0.011427350321975121     5461.535182557297
0.15454896902372342       0.011418692412269303     5453.98662538549
0.1572168771295448        0.011409852086373911     5446.269425521454
0.15989059824217092       0.011400824663936293     5438.381373346614
0.1625701444024611        0.01139160327224119      5430.320202352727
0.1652555267536805        0.011382196840877006     5422.083603892744
0.16794675735021752       0.011372599734633157     5413.669209485976
0.17064384758771367       0.01136281349206145      5405.074616550534
0.173346810577501         0.011352837411018224     5396.297335284685
0.17605565749400162       0.011342655850376545     5387.334846310333
0.17877040072595837       0.011332277756483794     5378.184541095515
0.18149105092051687       0.01132170330178783      5368.843786966832
0.18421762091343705       0.011310926908901817     5359.309869759179
0.18695012274750372       0.01129994891327176      5349.58000799379
0.189688567864736         0.011288771791234144     5339.651364941018
0.19243296826256218       0.011277387548484076     5329.521039829039
0.19518333629733867       0.011265787558147977     5319.186042853336
0.1979396832000308        0.01125398436288818      5308.643326667077
0.20070202089020306       0.011241972594973684     5297.889771568019
0.20347036104962155       0.011229747977105325     5286.922200427869
0.20624471653566917       0.011217306420052253     5275.737307305338
0.20902509761511384       0.01120464867795679      5264.3317703617695
0.2118115173904635        0.011191770895949419     5252.702129080933
0.21460398623004684       0.011178677155453814     5240.844895340844
0.21740251673874633       0.011165373360761571     5228.756463690027
0.22020712044110716       0.011151847126313584     5216.433179000495
0.22301781023177525       0.01113809931215068      5203.871243142017
0.2258345973253293        0.011124117476162204     5191.066786869701
0.2286574930908571        0.011109911524166481     5178.015847855468
0.23148650915292765       0.011095483583742686     5164.714364812602
0.23432165687086645       0.01108083148637778      5151.158213033486
0.23716294884800454       0.0110659603354624       5137.343119412596
0.24001039672494773       0.011050848489699614     5123.264751439244
0.24286401337204083       0.011035494497034119     5108.918571802656
0.24572380855287299       0.011019909492338237     5094.300007558181
0.24858979404519305       0.011004093831899856     5079.404358504523
0.2514619813965389        0.010988049038117802     5064.226850859874
0.254340383692913         0.010971767341538482     5048.762492587491
0.2572250110908255        0.010955240193281816     5033.006263560434
0.2601158761904327        0.010938476654795979     5016.952927970312
0.26301298913913124       0.010921478881025409     5000.597238166767
0.26591636326007384       0.010904243807664896     4983.9336957037995
0.2688260088763222        0.010886766792436584     4966.956769533655
0.2717419390531864        0.010869051170040583     4949.660675058169
0.27466416391323223       0.010851089431208704     4932.039590020487
0.27759269563161265       0.010832888976890047     4914.087441363323
0.28052754403374236       0.010814458575883966     4895.798170782172
0.28346872249526395       0.010795785156210116     4877.165407148563
0.2864162406503318        0.010776879001506558     4858.182766154022
0.2893701113794825        0.010757737392865077     4838.843593390867
0.29233034491806054       0.010738372738104478     4819.141213687525
0.29529695413614887       0.010718785416878238     4799.068665078424
0.2982699500837894        0.01069895712628365      4778.618935827535
0.30124934445377766       0.010678893517429204     4757.784651697933
0.3042351470909104        0.010658615753272756     4736.558485841345
0.307227371004799         0.01063812254091588      4714.93288844433
0.31022602812832767       0.010617405711094341     4692.900076254889
0.3132311291719716        0.010596466472247797     4670.452066333651
0.31624268482396034       0.010575307652579167     4647.580738463526
0.31926070616602004       0.010553929793854356     4624.277777209819
0.32228520371912767       0.010532358443145309     4600.534729327698
0.325316189249093         0.010510608174973957     4576.343039501069
0.3283536754491757        0.010488669185723692     4551.693950853238
0.3313976738153606        0.010466531814476019     4526.578451658155
0.33444819462541736       0.010444190603580523     4500.9872643692715
0.33750524707377766       0.010421699928953216     4474.911082256614
0.34056884303995794       0.010399071808011895     4448.340540357221
0.343638995051407         0.01037629798074404      4421.266162393307
0.34671571457640454       0.010353368136667635     4393.6780543015675
0.3497990109899983        0.010330312660203355     4365.566430274405
0.35288889644174515       0.010307134313658078     4336.921247001779
0.35598538183944484       0.010283833907890288     4307.732252851844
0.3590884771259899        0.010260469768590645     4277.98916110657
0.3621981939798346        0.010237055044788758     4247.681759529699
0.3653145444591628        0.01021357510727023      4216.799741203025
0.3684375392744172        0.01019003076953973      4185.332459556191
0.37156718790844645       0.01016644600752541      4153.2693827078965
0.37470350190278295       0.010142873459615141     4120.599876270564
0.3778464926984199        0.010119307671132362     4087.313333988069
0.38099617072603975       0.01009579769243888      4053.3993186321877
0.3841525478222522        0.010072300992651505     4018.8471019922113
0.38732402396415166       0.010048854278838936     3983.552228803481
0.3905196715270273        0.010025353198884812     3947.396228233953
0.3937402365623745        0.01000188541466009      3910.350464023865
0.3969859096516586        0.009978434005816507     3872.392134464836
0.400256879980577         0.009955111729928988     3833.4985652243076
0.4035533403849148        0.00993187573580055      3793.6468766755793
0.4068754833958528        0.009908837635209038     3752.814165522279
0.4102235042921011        0.00988598165317726      3710.977418164689
0.4135975980414742        0.00986346334841832      3668.1142063755665
0.4169979630326719        0.00984122395283676      3624.2022134669005
0.420424796676729         0.009819412270860459     3579.2199113191673
0.4238782990475826        0.009798019919092082     3533.145887735607
0.4273586705858681        0.009777217872651626     3485.96009487886
0.4308661153581177        0.00975705952191609      3437.6438444839328
0.43440083714704736       0.009737576929763896     3388.179280789066
0.4379630412323649        0.00971888545911787      3337.5494988144014
0.44155293348553337       0.009701089223896075     3285.7400733655627
0.445170722679713         0.009684386735751506     3232.739102200626
0.44881661730336425       0.009668745749072062     3178.5372023532123
0.4524908283130369        0.009654459619054106     3123.127662673962
0.45619356913910664       0.00964155105431108      3066.507448440077
0.45992505243314047       0.009630269345382669     3008.677543464205
0.4636854931108284        0.009620660787967888     2949.642680887345
0.4674751070335211        0.009613028607956665     2889.41288416436
0.47129411046835895       0.009607523312986685     2828.00427518614
0.4751427252426699        0.009604317472468505     2765.4376230937874
0.4790211722341598        0.009603578461074461     2701.740335858689
0.48292967326855496       0.009605657328908657     2636.9475861154247
0.48686844830053105       0.009610618365521533     2571.101766691969
0.49083772467718667       0.009618898366098229     2504.2526619784576
0.4948377276272007        0.00963074626762677      2436.4603493781374
0.4988686815594747        0.00964641852221925      2367.7936112445827
0.5029308176099785        0.00966620097771865      2298.3295673411944
0.5070243628715811        0.009690438109861943     2228.1561971695237
0.5111495514777717        0.0097195103489568       2157.3710565984434
0.5153066093095389        0.009753665122746362     2086.082421251216
0.5194957726111964        0.00979344403388241      2014.4074318397543
0.5237172724353591        0.009839083993139902     1942.4734546645034
0.5279713462777247        0.009891101106923334     1870.4159766205448
0.5322582247120443        0.009949913129454492     1798.380413178147
0.5365781463282788        0.010015874107580714     1726.5183408972453
0.5409313447797653        0.010089425147850916     1654.9873407613231
0.5453180648412186        0.010171037249052862     1583.9489621431496
0.5497385301413643        0.010261189749552892     1513.5694674667056
0.5541929934676718        0.010360349250112231     1444.014509373871
0.5586816826036607        0.01046899722815934      1375.4507635603493
0.563204852260559         0.010587521185121318     1308.0403365139598
0.5677627289510474        0.010716456215916305     1241.9416649450295
0.5723555679087647        0.010856216179815048     1177.3050790809752
0.5769835960838678        0.01100732421365229      1114.2731036741022
0.5816470752387869        0.01117015835303258      1052.9761300524194
0.5863462295726091        0.011345247771321534     993.533290219787
0.5910813227922749        0.011532926068878778     936.0486999133384
0.595852585546549         0.011733694925885137     880.6121376423091
0.6006602840201019        0.011947860274252903     827.2967204235458
0.6055046486928871        0.012175920823747504     776.1599142998449
0.6103859597456116        0.012418083023722786     727.2418306444372
0.6153044505734515        0.012674867153790351     680.5668027200261
0.6202603977282148        0.012946458401411022     636.1433302610932
0.6252540428029293        0.01323331377553244      593.9650117622688
0.6302856663436147        0.013535599564367838     554.0114452564785
0.6353555143945177        0.013853740081822706     516.2495295993133
0.6404638819729792        0.014187799959615536     480.63463862025276
0.6456110245026622        0.014538185555422429     447.11191331944394
0.6507972331734159        0.014905044651108555     415.6180756265383
0.6560227710329741        0.015288655807320688     386.0831113660716
0.6612879430276971        0.015689120250895524     358.43099170968395
0.6665930295223328        0.016106704974922458     332.58155524611664
0.6719383172730403        0.0165415398699696       308.4520728429009
0.6773240979733193        0.01699385313318457      285.9576456006669
0.6827506909434523        0.01746370736867167      265.01256425579646
0.6882183649424862        0.01795146848223764      245.53154626330291
0.6937274598059263        0.018457027234015298     227.43031010502952
0.6992782791544697        0.018980634233518093     210.62590151842505
0.7048711220834157        0.019522515722795477     195.03784818071767
0.7105063104479913        0.020082651644826956     180.58857473141344
0.7161841700191696        0.020661297236573326     167.20285840704327
0.7219050330666789        0.021258467503770986     154.8091068777528
0.7276691974266765        0.02187453666796982      143.33897526447592
0.7334770154810871        0.02250939788603579      132.72791623703276
0.7393288181135813        0.02316327777590748      122.91458709351532
0.7452249463988954        0.023836257471734477     113.84133175383852
0.751165725382987         0.024528626503990188     105.45388285818113
0.757151517100065         0.025240327180254755     97.70159479163696
0.7631826498455136        0.02597168263980822      90.53692342915193
0.7692773435207695        0.026724941182440277     83.89705247426777
0.7754651600314063        0.02750424408188234      77.71740474936666
0.7817584759301018        0.02831149422553243      71.96012236778105
0.7881590602623958        0.029147601279936902     66.60025238764885
0.7946687421930126        0.030013221230698325     61.61388914152994
0.8012893584162954        0.030909238706646244     56.97806375045812
0.808022780537807         0.03183648193466973      52.6708667236104
0.8148709070395782        0.0327958489261134       48.67139508877386
0.8218356740632524        0.0337881769959259       44.95979581557594
0.8289190380492939        0.03481441230881671      41.517210607441655
0.8361229875245298        0.035875508833220694     38.32578425271837
0.8434495423345795        0.03697242464458818      35.36864513889916
0.850900746124409         0.03810619383956787      32.629868193777384
0.8584786751334086        0.039277860018042864     30.094453859031738
0.866185435490154         0.04048848614053948      27.748294802945868
0.8740231567261567        0.04173921383887922      25.578136438969775
0.8819939976108288        0.04303124029603466      23.57154768182625
0.8901001540809809        0.0443657215251677       21.71688915189049
0.8983438518835565        0.04574387424420909      20.003261300848934
0.9067273443896278        0.04716695700168847      18.42047265451917
0.915252919283982         0.04863625663929753      16.959005231752933
0.9239228887151684        0.05015313837656199      15.609973957663641
0.9327396007132185        0.05171898974780804      14.365098066142314
0.9417054346621108        0.05333524661560086      13.21666244203567
0.95082280272098          0.05500337111779321      12.157487222164608
0.9600941523225497        0.05672487902181616      11.180891805072838
0.9695219656231634        0.058501306340837354     10.280666909064132
0.9791087556272763        0.060334286763724466     9.451041711210404
0.9888570740926392        0.062225447709435965     8.686660766005488
0.9987695045293791        0.0641765120388494       7.982552616150231
1.008848667766915         0.06618922245883141      7.334108206359473
1.0190972172501631        0.06826540890804056      6.737054138888627
1.0295178441440485        0.07040693253736104      6.187432202439668
1.0401132729629419        0.07261573768658296      5.681576314456494
1.0508862658543459        0.07489380893989853      5.216093624709481
1.0618396183583008        0.07724321664113346      4.787844567364224
1.0729761641004985        0.07966607740858886      4.393925794137884
1.0842987743330805        0.08216457614791749      4.031652902358046
1.0958103577851608        0.0847409530337024       3.6985448912570127
1.1075138572548735        0.08739753519319723      3.3923092000839046
1.1194122484338886        0.09013673051476986      3.1108283149467404
1.1315085451627864        0.09296101842380652      2.8521471036494312
1.1438213437806093        0.0958766665322844       2.614175221679774
1.1564045157141047        0.09889875277764226      2.3944873372734925
1.1692986142551784        0.10203987094692536      2.191299336842532
1.1825109502478857        0.10530497239115869      2.0035566880491986
1.1960489808213293        0.10869922599584506      1.830255270198995
1.2099203110614871        0.1122280301698276       1.6704404795757268
1.2241326945779551        0.11589702072101273      1.5232063036877181
1.2386940343164135        0.11971208504374574      1.3876941501126654
1.2536123834422972        0.12367936884029042      1.2630916662617926
1.2688959443192458        0.1278052966268298       1.148631357172622
1.2845530693887324        0.13209657781699977      1.043589234510446
1.300592260777055         0.1365602237979448       0.947283321712184
1.3170221687176404        0.14120356304887405      0.8590721437128147
1.333851596490658         0.14603423763626702      0.7783531963728165
1.3510894952401062        0.15106023105436672      0.7045613063645614
1.3687449605988704        0.15628988977070635      0.6371670312703872
1.386827215416434         0.1617319491737826       0.5756750996887936
1.4053456348906541        0.1673955268639888       0.5196228018225677
1.4243097320130782        0.17329016540113737      0.4685783900043287
1.443729156373811         0.1794258301251852       0.42213955495200434
1.4636136870741203        0.18581293718829325      0.3799318867800464
1.4839732293339007        0.19246237059353716      0.3416073590492219
1.5048178092245579        0.19938550240131228      0.3068428805598094
1.5261853364732043        0.2066036823578972       0.2753003059852453
1.5481175991084224        0.21414075261679816      0.24667692797920235
1.5706299227169467        0.22201255914341625      0.22073478143542552
1.5937357552957718        0.23023499325774077      0.19725444528778124
1.61744869386445          0.23882475613310597      0.17603114549208637
1.641782483686804         0.24779936371626246      0.1568741475389436
1.6667509936626497        0.2571772157651858       0.13960607458951016
1.6923682075133626        0.2669776174323837       0.12406227590968266
1.7186481964350837        0.277220848058829        0.11009015429317669
1.7456051079818795        0.28792818260940634      0.09754854073358525
1.7732531324206122        0.29912196807117714      0.08630703865506051
1.8016064893280508        0.31082564362902         0.07624541778859463
1.8306793832079153        0.3230638334554087       0.06725298636487635
1.8604859895109211        0.33586235980012336      0.059228017148548855
1.8910193428205997        0.34923902795801254      0.05208174835557033
1.9222699878953615        0.3632111119987137       0.04573127527100966
1.9542485471166635        0.3778057157510132       0.040095757775121976
1.9869666226700642        0.3930517442446999       0.035101515335475286
2.020435543830253         0.4089794630905087       0.030681721561473467
2.0546663257556093        0.425620533032508        0.026775849363788694
2.0896695539914667        0.4430080741430904       0.02332914693739166
2.125455415732558         0.4611767312802498       0.02029214708289525
2.1620335989567008        0.4801627692173371       0.017620212931027595
2.1994132241156192        0.500004085046242        0.015273124788778788
2.2375454066767744        0.5207088288071644       0.013217546525475084
2.2763679903562197        0.5422769347821271       0.01142270783331912
2.3158734390856828        0.5647382456878609       0.009857755888233757
2.3560633717334776        0.5881292904188584       0.008494863144357412
2.3969385082011585        0.6124879947219198       0.007309407551979632
2.438498599756697         0.6378537056053918       0.006279618711354464
2.480742335770765         0.664267247229388        0.00538625998422462
2.5236672683253483        0.6917709391745368       0.004612346705025995
2.5672041660605665        0.7203650824846636       0.0039438204299691165
2.6112632662843205        0.7500340171224837       0.003368073534588169
2.655817669387344         0.78080250780508         0.002872921492154133
2.7008567627853286        0.8127076619933759       0.00244752069084513
2.746368528930312         0.8457875529926601       0.002082447534661733
2.792339616981348         0.8800812826805335       0.0017695135947799184
2.838755209616676         0.9156289962826386       0.0015016055668266868
2.8855254473959966        0.9524132844051063       0.0012728768510687448
2.9325507595058964        0.9904047508151003       0.0010781234765393339
2.979803263216802         1.0296290351902968       9.124693523166541E-4
3.0272615305490285        1.0701183506901215       7.716953287438267E-4
3.074902690364364         1.1119053579708142       6.521815082284299E-4
3.1227023582991285        1.1550231604945569       5.50822095725025E-4
3.1705811611241086        1.1994549887231636       4.6504060809869364E-4
3.2184422935864445        1.2451632581448824       3.9260697207345546E-4
3.266241695640811         1.2921567171389927       3.3150585348227016E-4
3.313950876067723         1.3404595439921558       2.79997337103664E-4
3.3615399889988455        1.3900958428506733       2.3660336923789124E-4
3.4089716284873055        1.4410828998906526       2.0007275181918447E-4
3.4561581019631373        1.4933820136549536       1.6937002287475516E-4
3.5030186082550747        1.5469560740339596       1.4359681196734198E-4
3.5495212294082172        1.6018205158251824       1.2196105646464235E-4
3.5956329646057053        1.657990382021642        1.037955910838952E-4
3.6413197133815594        1.7154803056765955       8.853862785395047E-5
3.686511853862926         1.7742589551493488       7.57263210171001E-5
3.731132920175441         1.8342804130218733       6.496588370165436E-5
3.775141557532259         1.8955413090696467       5.591718300311911E-5
3.818503587792313         1.9580478891809212       4.8294131253131955E-5
3.8611840861378144        2.021805847648097        4.185799886124717E-5
3.9031235063673053        2.0867826412622983       3.641264318876296E-5
3.944256356391991         2.152930836762428        3.1794219548775055E-5
3.984541987576396         2.2202379246515216       2.7863261218077195E-5
4.023946664341284         2.2887019912534283       2.450354533462551E-5
4.062436129589527         2.3583203569436013       2.1619047787139274E-5
4.099955553660476         2.4290509548909127       1.9131775183496783E-5
4.13645002854383          2.5008449088005817       1.6977104873209546E-5
4.171885803131402         2.5736900156965503       1.5100549451415108E-5
4.206230859939926         2.647576970012771        1.3457293895127217E-5
4.23944984175799          2.7224886001340116       1.2010703518857225E-5
4.2714955663235825        2.7983772608269506       1.0731147346966335E-5
4.302325858993118         2.875200137239231        9.594037110689152E-6
4.3319114612142675        2.952942228970735        8.57869240679436E-6
4.360223078847549         3.0315877304224035       7.668073595384036E-6
4.387225241424318         3.1111014389059135       6.8482573327207005E-6
4.412879986951834         3.191434443638313        6.107723027746542E-6
4.437156943757283         3.272554617851787        5.436617683393982E-6
4.460030101462833         3.3544411138325123       4.8265254260550605E-6
4.481473142080823         3.4370704803132472       4.2703060066891905E-6
4.5014546240562385        3.5203947750760896       3.7619803343478016E-6
4.519945674772765         3.604367068493948        3.2963474638187806E-6
4.536923893244682         3.688962754494596        2.868758177862029E-6
4.552367138000477         3.7741564039144855       2.4751603803149102E-6
4.566251308863398         3.859906874530552        2.1120685603989203E-6
4.5785527920368           3.946164801745594        1.77643612376052E-6
4.589251724648295         4.032894827393778        1.4655140525160374E-6
4.598329903045506         4.120068102669171        1.1768485820100275E-6
4.605769146110824         4.207649449372528        9.082867195654609E-7
4.6115514592668045        4.295590353996916        6.579511706721187E-7
4.615660978522372         4.3838475073024465       4.2415188278341966E-7
4.618083540568754         4.472390053042911        2.053492458223325E-7
4.61880548776597          4.56126862241372         0
