0                         0.004958620104490694     637.9588761007825
0.0012412571048145986     0.004959732503989706     637.553232652063
0.0024826900960336394     0.004963077809509351     636.3379867395394
0.0037248935688940347     0.004968679193811542     634.3173221818852
0.004967874282822745      0.004976516879007926     631.4992064222065
0.006211607691038823      0.004986628882496408     627.8953970213649
0.007456090654752016      0.004999006468493192     623.5212658808629
0.00870130244389613       0.005013675576156826     618.3957474154962
0.00994723422469694       0.00503064969350834      612.5411439381127
0.01119387185750304       0.005049955495192081     605.9829703855881
0.012441209549934749      0.00507159231722453      598.749700736669
0.013689226147769037      0.005095613305430345     590.8726053348986
0.01493791883218983       0.005122004574179979     582.3854027484233
0.01618726642382471       0.005150828799251631     573.3240925521992
0.01743726465478086       0.005182073643240654     563.7265674299572
0.018687894649892657      0.005215802299473015     553.6323937242383
0.01993914992105535       0.00525201046368051      543.0824354362103
0.021191013768451672      0.005290757167593447     532.1185918146313
0.022443478049978975      0.00533204635860296      520.7834542947146
0.023696528608960016      0.005375925359531157     509.12002789699983
0.024950157874652133      0.005422402702237377     497.1713124206885
0.02620435157246882       0.005471527442101254     484.9801163842068
0.027459098319496285      0.005523321524906411     472.5888070465729
0.02871438717752122       0.005577822497084903     460.0389435604973
0.029970209351852052      0.005635038051578011     447.371054574136
0.03122655268092255       0.00569502485435999      434.6243956348375
0.032483408853959936      0.0057577859425052835    421.83680113401783
0.03374076618834666       0.005823373835600403     409.04444283266434
0.03499861627456201       0.005891794856338587     396.2817240973652
0.0362569495716179        0.005963090385912416     383.5810833700491
0.037515757955928465      0.006037270439975153     370.9729378797315
0.038775032967230415      0.006114368557003983     358.4855722757409
0.04003476644340749       0.006194401990541239     346.14508865720336
0.0412949519952347        0.006277399793502646     333.97538136719265
0.04255558082016697       0.006363380378622243     321.99816949313134
0.04381664732387484       0.006452360418753868     310.23294580085513
0.04507814536995985       0.006544363204246637     298.6969964148718
0.046340574850518054      0.006639433600649772     287.4010694621069
0.04760486658440467       0.006737678778910683     276.35047853547496
0.04887145049351725       0.006839151698559483     265.55368801828496
0.05014032219805922       0.006943886444826021     255.02122386194137
0.051411483782526114      0.0070518978552626295    244.76183780071906
0.052684936333982677      0.007163222253203823     234.78256026940466
0.05396067971976588       0.0072778688895042834    225.08892604878784
0.055238713653412305      0.007395881597122093     215.68487753401936
0.05651904215957378       0.007517269657221441     206.57301574053506
0.05780166398857692       0.007642063732969808     197.75463385471102
0.05908658279149053       0.007770278670782321     189.22981967427037
0.060373800870930756      0.007901929163443767     180.99758028682396
0.061663321404757825      0.008037050114724739     173.055868970857
0.06295514830123658       0.008175641159441588     165.40182678531528
0.06424928254137248       0.008317750168470157     158.03170312895375
0.06554573070256209       0.008463361014155572     150.94114350967615
0.0668444933387679        0.008612524985645416     144.1250654938712
0.06814557694283664       0.008765227453216744     137.5779564180749
0.069448982421832         0.008921516434644268     131.2937471606971
0.07075471564590075       0.009081385040919833     125.26607223390198
0.0720627770571474        0.009244874660718766     119.48818591982771
0.07337317288313565       0.009411976481198169     113.95315678202462
0.0746859038187101        0.009582732444780856     108.65379342807793
0.07600097461283449       0.009757139246761063     103.58283382225613
0.07731838535505436       0.009935235093593361     98.73286951649116
0.07863814014087146       0.010117022079823835     94.09649018212373
0.07996023745633395       0.010302534272601065     89.6662533535134
0.08128467995400926       0.010491774386779885     85.43477314079348
0.08261146676780959       0.010684770742044292     81.39469076629062
0.08394059884186193       0.010881537011577073     77.53874628606341
0.08527207315600033       0.011082103476356905     73.85978006860577
0.08660588990617976       0.011286478948351221     70.35077644773801
0.08794204709958338       0.011494685315928581     67.00485112613195
0.08928054163035264       0.011706746128528792     63.81527540517404
0.09062137146747727       0.011922678178792785     60.775495084575084
0.09196586199141399       0.012142724947689464     57.87633440575374
0.09331564355393344       0.01236718747982157      55.1087500164848
0.09467100837425081       0.012596161768407886     52.467033573271934
0.09603196972165948       0.012829698176307155     49.9462071687909
0.09739853972530534       0.01306784538149498      47.541416395654075
0.09877073027001462       0.013310653177882489     45.247930289532064
0.10014855249546716       0.013558172724205186     43.061146883420314
0.10153201723501358       0.013810456560587424     40.97659638899544
0.10292113516237787       0.014067556351107883     38.98994437343572
0.10431591647895747       0.014329522264208637     37.096993891662265
0.10571637093466693       0.014596408287835542     35.293681832037336
0.10712250814811602       0.014868264176577594     33.57608518653768
0.10853433694901915       0.015145147785398548     31.940412380547695
0.10995186657298973       0.015427108038230448     30.383012998051566
0.11137510525844382       0.015714201275878838     28.900366142817887
0.11280406148997713       0.016006479347621717     27.489085382554325
0.11423874283697696       0.016304000273963712     26.145911557826356
0.11567915721462771       0.016606817095887447     24.867715746184846
0.11712531187992163       0.01691498615404831      23.6514920152749
0.11857721426082517       0.01722856104454774      22.494357534164834
0.12003487063284253       0.01754760216736014      21.393545721840557
0.12149828816735966       0.017872162310116867     20.346408709413343
0.12296747254220039       0.018202302834548982     19.350407751906676
0.12444243047916541       0.01853807709966845      18.403116044484197
0.12592316691451164       0.018879548397234328     17.502208938645683
0.12740968802106517       0.019226771380958546     16.6454669026319
0.12890199843774489       0.019579808179718064     15.830766629345826
0.1304001035720414        0.019938715839615418     15.056081478654251
0.13190400764905783       0.02030355661852391      14.319475157215402
0.1334137147996869        0.020674392525164093     13.619099879969994
0.1349292294210855        0.02105128295510245      12.953193556535414
0.13645259042141233       0.02143480681354681      12.319250462541254
0.13798688420457422       0.021825833440953298     11.714617234318183
0.13953317154147937       0.022224751987600575     11.137687103233592
0.1410915221352529        0.022631699848167583     10.587317758034793
0.14266200442694096       0.023046821252907444     10.062404367785508
0.1442446873255992        0.0234702591943067       9.561880597478135
0.14583963865816024       0.02390216240619558      9.084716546453134
0.14744692670775267       0.024342678429514722     8.629919309823896
0.1490666185124435        0.024791961001957998     8.196530918651215
0.15069878151880758       0.02525016283341952      7.7836287897758005
0.1523434818329334        0.025717442918928638     7.3903237377572495
0.15400078604033532       0.026193958935482327     7.015760322243978
0.15567075933003374       0.026679874672877548     6.6591149192801415
0.15735346721042706       0.027175353244993622     6.319595803990091
0.15904897368121093       0.02768056414869287      5.996441397309677
0.160757342870141         0.02819567677192371      5.68892023645642
0.1624786378633609        0.028720864633629366     5.396329566099041
0.1642129205007338        0.029256302678753038     5.117994906360835
0.16596025189481076       0.029802170675922612     4.85326864711941
0.16772069334412967       0.030358649283317468     4.601529636400006
0.16949430475586472       0.030925924074042932     4.362182002829482
0.1712811456256211        0.031504181973308724     4.134654657333851
0.17308127413188762       0.03209361429384071      3.9184002000574076
0.17489474782663275       0.032694414271062316     3.712894323810096
0.17672162290744747       0.03330677938959795      3.517634831001281
0.17856195485369813       0.03393090916436415      3.3321410232889668
0.18041984488492424       0.03456840400359959      3.155579367284021
0.18230116564973736       0.035221551490681416     2.987068009895002
0.18420778637430096       0.03589132647312247      2.8261823122524015
0.18613998146084482       0.036578170551153415     2.6726581605203377
0.188098025043572         0.037282537745718235     2.5262359890175694
0.1900821912208414        0.038004893702952965     2.386661026136261
0.19209275356621236       0.03874571693552937      2.2536834092547795
0.19412998520209193       0.03950549836112117      2.127058374998927
0.196194158362968         0.040284742319004        2.00654635714565
0.19828554441598809       0.04108396623728288      1.8919131325841325
0.20040441342015888       0.04190370159552535      1.782929892737858
0.20255103408694317       0.04274449372857553      1.6793733494169196
0.2047256733724012        0.04360690263073462      1.5810257848146683
0.20692859635888933       0.044491502936392396     1.4876751187560864
0.20916006587120467       0.04539888459557851      1.3991149366833309
0.2114203422813337        0.04632965301452056      1.3151445227529968
0.21370968314367608       0.047284429613422385     1.2355688668359197
0.21602834293246745       0.04826385208835896      1.1601986680916136
0.21837657268381652       0.04926857489005176      1.0888503211468759
0.22075461965948953       0.050299269609362915     1.0213458936852875
0.22316952026102296       0.05135962761574715      0.9573391519491395
0.22563192191739506       0.052455136353051435     0.8964498561862214
0.2281458749715119        0.05358856495097586      0.838513617990609
0.23071224820126973       0.054761348916184234     0.783451145635539
0.23333191075118526       0.05597498051348685      0.7311812285565349
0.2360057308688539        0.057231011346576155     0.6816210112756843
0.23873457476475873       0.058531054311251204     0.6346862804615677
0.24151930501494714       0.05987678639912349      0.5902917350131306
0.24436077896307817       0.061269950607032775     0.5483512698735797
0.24725984415404603       0.06271235759537744      0.508778269954554
0.2502173415872716        0.06420589019790746      0.47148580399610107
0.2532341021451079        0.06575250600726873      0.43638689610887416
0.2563109438424691        0.06735423913898023      0.40339478823506364
0.25944866917227644       0.06901320374619906      0.372423164123723
0.26264911643016053       0.07073216651101585      0.34337721577708896
0.26592949197501314       0.07252248340389403      0.3160432139215074
0.26930718525089276       0.07439631538016393      0.2902507514409716
0.2727844124571292        0.0763579655958405       0.2659688337273386
0.27636337455303256       0.07841197173388592      0.24316263469845503
0.2800462489743354        0.08056311967693422      0.2217937740346777
0.2838351807948647        0.08281645605561243      0.2018206296250637
0.287732271929046         0.08517730302926295      0.1831986566711661
0.2917395702570488        0.08765127183631148      0.16588073198735004
0.2958590564404321        0.09024427881355589      0.1498174977706331
0.30009263038092937       0.092962560361192        0.1349577208196451
0.30445738624914725       0.09582281412887361      0.12120303326029695
0.30897984645890375       0.0988494144656696       0.10844779366467903
0.31367216264678743       0.10205882301194746      0.09664581807558276
0.3185384525611323        0.10546318658012492      0.08577245975490064
0.3235826288837692        0.1090755001286769       0.07579876181594929
0.3288083402682016        0.11290965760769744      0.06669187479526857
0.33421892612307547       0.11698052433245554      0.05841547120177062
0.3398233063346798        0.12130866103720846      0.05092280758295966
0.3456535413544121        0.12593523659044414      0.04414304509377243
0.35173769172132235       0.13090256882464865      0.03802351998769622
0.35808068045136976       0.13623804832695702      0.03253863893632792
0.36468645046953035       0.14197133351709454      0.02765844903982605
0.3715577356572107        0.14813452197138566      0.023349249429443122
0.37871834681612937       0.15478363727434655      0.01956335344319138
0.3862006206643907        0.1619908727136572       0.01625381524058079
0.3940132999672265        0.16981520620770219      0.013386945464762762
0.4021541479307006        0.17831323016607503      0.010930030192376967
0.4106328747615485        0.18756429279471912      0.008844211400619074
0.41946681297059807       0.1976711933782871       0.0070894695545189
0.42865233904271144       0.2087314989826422       0.005630569642023828
0.43817305673980617       0.22084729853871518      0.004433002104528302
0.4480157126403845        0.234149381842192        0.0034612638312143595
0.4581487231367248        0.24877600772515876      0.0026821918505173605
0.46849447405343153       0.26483250170203176      0.0020660217028714827
0.4789485542104856        0.28241223608514227      0.0015842089908031049
0.48925741143185547       0.3013563467324084       0.001214242200221133
0.4989990062513555        0.32107653817873993      9.371657695577231E-4
0.507945932013622         0.3411698591992549       7.297785153174001E-4
0.5160839275097939        0.3616042598202779       5.710535212189643E-4
0.5234000164349983        0.38234712079967575      4.469991707015667E-4
0.5298825473706844        0.4033653523269551       3.4820296900984294E-4
0.5355211933876863        0.42462538786887316      2.6822122280241857E-4
0.5403070819679751        0.4460937590765641       2.0253586845276575E-4
0.5442325767079544        0.4677363239231978       1.478980637977003E-4
0.5472913692109962        0.48951838306892465      1.0191620681057922E-4
0.5494785630810815        0.5114049508406147       6.279701890637369E-5
0.5507907033995698        0.5333610370442804       2.9176136146159494E-5
0.5512257534764562        0.5553519304050828       0
