0                         0.004720627356198724     1740.026471311447
0.0014908520645311068     0.0047210762335732305    1739.313871749605
0.002981534576952596      0.004722469061978535     1737.1779128271799
0.004473761874805682      0.004724830034366832     1733.6185642474404
0.005967546898966327      0.004728121566182494     1728.6388507379393
0.007462873327143232      0.0047324035559898215    1722.244847540651
0.008959743628164958      0.004737649634142045     1714.4456956485044
0.010458148588407344      0.004743889854542745     1705.2536044250915
0.011958081930939512      0.0047511396953362674    1694.6838751229564
0.013459539523880466      0.004759420686415377     1682.7549635232226
0.014962513507869346      0.0047687749188069445    1669.4885192943802
0.016467005445380555      0.004779203343286196     1654.9093489302327
0.017973001923962627      0.004790764136628078     1639.0453835599287
0.019480503960007823      0.004803457228400501     1621.9277096709498
0.020989497706747046      0.004817355443629748     1603.5905854394096
0.02249998475036031       0.004832469068837074     1584.0714883931148
0.024011953655034095      0.004848866218570348     1563.4109003405954
0.02552540391858381       0.0048665591867697545    1541.6524301318566
0.027040323562060087      0.004885630261673816     1518.8426070018331
0.028556711723546638      0.004906093008209543     1495.0309441582547
0.030074557562250043      0.00492803116694426      1470.2696548072822
0.0315938588303276        0.004951466075689301     1444.6136903388258
0.03311460601327118       0.004976480884949267     1418.1203786031613
0.034636796268577345      0.005003096018533259     1390.849418530353
0.036160420314840326      0.005031396808902658     1362.8624307440882
0.03768547389124476       0.005061410095254018     1334.2229611374644
0.03921194685749347       0.005093227338037162     1304.996248700218
0.040739836336754286      0.005126869978894552     1275.2486953566643
0.04226913177074942       0.005162427640700848     1245.0477782995115
0.043799826892493315      0.005199959458257068     1214.4617170614047
0.04533191454017957       0.005239521615926635     1183.559302063531
0.04686538737910429       0.005281177323218791     1152.4093808012778
0.04840023909939539       0.005324986489287222     1121.0803856329262
0.049936462175810346      0.005371009107000838     1089.6401903790202
0.051474047846134754      0.005419313536889509     1058.1559179981193
0.05301299014393787       0.005469944158586977     1026.6931098722728
0.054553280596484496      0.0055229836418261725    995.3156787677095
0.056094912447821325      0.005578483126270848     964.0857698266643
0.057637878288112225      0.0056364968402782       933.0632896514696
0.059182171397593825      0.00569706247273316      902.3053577979667
0.06072778325267069       0.005760266867636224     871.8662828714179
0.06227470729507333       0.00582614640456338      841.7975334625525
0.06382293734417097       0.005894766614225762     812.1473443693326
0.06537246533593567       0.0059661471225524254    782.9605199029475
0.06692328300925109       0.0060403674587983375    754.2782148034647
0.06847538526622321       0.00611746947247516      726.1380227600887
0.07002876656256661       0.00619748160113352      698.5738903283867
0.0715834223645562        0.006280453248227037     671.6159251436366
0.07313934082604719       0.0063664167032317885    645.2906450370127
0.07469652001104625       0.00645542526875152      619.6207056405054
0.076254953097227         0.006547509503114846     594.6252999622625
0.07781467256638543       0.006642693146513096     570.3194817141043
0.07937757265081714       0.006741133072215501     546.6871594411135
0.08094555513653946       0.006842994100493262     523.7124938617227
0.08251862577161329       0.0069483320388377245    501.4065993941942
0.08409680084596148       0.007057192039400058     479.77752660040466
0.08568009063030235       0.007169623167376627     458.8306380302642
0.08726850567397404       0.007285657500832204     438.56868630937464
0.08886205897445217       0.007405349998571305     418.991746521414
0.09046076376201322       0.00752872964738243      400.0976921888296
0.09206462939922606       0.007655861888870339     381.88215713837377
0.0936736724547612        0.0077867581945988565    364.33887902117954
0.09528790442519233       0.007921480319786095     347.4596328816193
0.09690734168574516       0.008060040472277413     331.2346787095775
0.09853199667846296       0.008202498642694721     315.6526703999238
0.1001618867561402        0.008348851070144435     300.70112080320945
0.10179702607643594       0.008499165383377012     286.36618364813245
0.10343743441149394       0.008653446712957098     272.63318592090025
0.10508312219047537       0.00881175477538162      259.4866124547983
0.10673410979271723       0.008974085517718949     246.9103310246072
0.10839041516592458       0.009140483854460727     234.88753860020472
0.11005205672559348       0.00931096480391622      223.40112426367818
0.11171904751764174       0.009485596812065556     212.43361925491672
0.11339141117649054       0.009664343695591458     201.96753792997
0.11506916365701049       0.009847278743684509     191.9850858887772
0.11675232476971323       0.01003440551906446      182.46863977395947
0.11844091118964083       0.01022576576434491      173.40060168762784
0.12013494305444021       0.010421374195536143     164.76356612775555
0.12183443889752314       0.010621257522003687     156.54033866564714
0.123539417269175         0.01082543716995294      148.71401622385858
0.1252498971121557        0.011033950137169044     141.26797753741508
0.12696589851229878       0.01124680888175069      134.1860141824309
0.12868743632367513       0.011464066835277937     127.45227803369636
0.1304145332728755        0.01168571134660534      121.05141675129208
0.13214720309582265       0.011911807516054094     114.96843497814959
0.13388546717624195       0.01214234792083901      109.1888881990002
0.13562933914294273       0.012377392732591735     103.69872953833423
0.137378838372954         0.012616946633299854     98.48446217861296
0.13913397844619657       0.01286105634036988      93.5330308595192
0.14089477706664216       0.013109738603384534     88.8319012005424
0.14266124780844183       0.013363034537766555     84.36900102998224
0.14443340698867624       0.013620967673492478     80.13275893425562
0.1462112674824156        0.013883575435594007     76.1120678840335
0.14799484426311807       0.014150886086841194     72.29629644069162
0.1497841494472903        0.014422935066063932     68.67526748657501
0.15157919675019918       0.014699754236170063     65.2392529292352
0.15337999751056444       0.014981377279308785     61.978961022638465
0.15518750501070974       0.015267989448402011     58.88395399191034
0.1570054638596748        0.015560234556970032     55.940149984514136
0.15883680000369338       0.015858659571196296     53.136332207054906
0.16068160091667752       0.016163359903082326     50.46648737411836
0.1625399541613401        0.016474441571515782     47.92479703244732
0.16441194730268938       0.016792000295924293     45.50565097928903
0.16629766734621593       0.017116144266168566     43.203629665400605
0.16819720200558438       0.0174469754467232       41.01351271188069
0.17011063849889319       0.017784602815520474     38.930269835283255
0.17203806406405214       0.0181291332328174       36.94906104551078
0.17397956587414717       0.018480677576813112     35.065230161443964
0.17593523138024497       0.018839348181607703     33.27430237671634
0.1779051479941346        0.019205256783025943     31.571981256025815
0.1798894028195808        0.019578520172477933     29.954141165852608
0.18188808323699535       0.019959253842870204     28.416825989608494
0.18390127666267367       0.020347575439198937     26.956242549654426
0.18592906994184244       0.020743612022244815     25.568754082564077
0.18797155130764545       0.02114747869103712      24.250882805392543
0.19002880747311812       0.021559305456299863     22.999295413313533
0.19210092714055937       0.02197920907856451      21.810807084705324
0.1941879964504807        0.022407327724269628     20.682366968171195
0.19629010411106432       0.0228437824104418       19.611064154848997
0.19840733671725208       0.023288711708959926     18.59411343191608
0.20053978258861185       0.023742244129325768     17.628857904364704
0.20268752834759285       0.02420452171842714      16.712758533280994
0.20485066238976163       0.02467567671237921      15.843394966141666
0.20702927134794347       0.025155854682033695     15.018455892854384
0.20922344345153834       0.025645193196093253     14.235739228872585
0.21143326520364997       0.0261438418161585       13.493143861254312
0.21365882474226452       0.0266519426283686       12.788669042366731
0.21590020846422234       0.02716964930164283      12.120407032291826
0.2181575042903033        0.027697108687188658     11.486542198350776
0.22043079838344776       0.028234478872832584     10.885344307541285
0.22272017838608416       0.028781911723262298     10.315167448076329
0.22502573014255445       0.02933956986775074      9.774444018418441
0.2273475408706158        0.02990761056018982      9.261683401655306
0.22968569620269477       0.03048620031374574      8.775466745902023
0.2320450337249439        0.03107669809185594      8.31354277974081
0.23443369792452295       0.031681367651465446     7.873346197651751
0.23685512094445804       0.03230135086295086      7.453490671773324
0.23930970840360494       0.032937051947016474     7.053217461166579
0.241797869687038         0.03358888019931959      6.67178588415335
0.24432001619588617       0.03425726101005228      6.308472462718226
0.2468765633684516        0.03494262679266557      5.962571982339797
0.2494679287138039        0.03564542557160305      5.633396952878164
0.2520945336179547        0.03636611328927861      5.32027835221688
0.2547568014524827        0.037105161485690694     5.0225651586172955
0.2574551590220972        0.03786305157879018      4.739624781479912
0.2601900349092428        0.038640281517906445     4.470842680525079
0.2629618611211916        0.03943735881204867      4.215622768214727
0.2657710715836937        0.04025480662385641      3.973386952260118
0.2686181029019444        0.04109316068473949      3.743575236425886
0.27150339320299516       0.04195297361170486      3.525645373897208
0.2744273834433512        0.04283480977085659      3.319072963576918
0.2773905155044836        0.04373925115254983      3.1233509990612736
0.28039323212201883       0.04466689256525282      2.9379899284822675
0.2834359783860304        0.04561834718517562      2.762517039534448
0.2865192015269204        0.04659424280916098      2.5964764315266997
0.28964334943133996       0.04759522565076982      2.4394286181369766
0.29280887137937267       0.04862195752111273      2.2909503396785373
0.29601621691818286       0.049675119386842416     2.1506341389814807
0.2992658364732672        0.05075540897939955      2.0180881217617737
0.30255818038242943       0.05186354366522416      1.892935540029736
0.30589828638764743       0.053001831696250924     1.7746577627108728
0.30930204688858326       0.05417645057314587      1.6624487282596185
0.3127817496780124        0.05539260535891878      1.5557564525503154
0.3163389147649683        0.056651912799036454     1.4544213779348172
0.319975077697955         0.05795605515459404      1.358281324923373
0.3236917917817805        0.05930678411087815      1.2671719304222637
0.32749062722552696       0.06070592392468685      1.1809271739060385
0.33137317057086124       0.06215537355582199      1.0993799094057792
0.33534102320308096       0.06365711134911174      1.022362345190606
0.33939580069235403       0.06521319702535322      0.9497065541623577
0.34353913127313446       0.06682577604844898      0.8812449308422982
0.34777265468410634       0.06849708262910882      0.8168106502397035
0.3520980206420789        0.07022944360575427      0.7562380941364281
0.35651688727692926       0.07202528208637518      0.6993632590981106
0.361030919363786         0.07388712143214926      0.6460241369378377
0.3656417863324835        0.07581758948073321      0.5960610700616502
0.3703511602050955        0.07781942268905816      0.5493170823720084
0.37516071326013906       0.079895470596637        0.5056381826750536
0.38008744490867147       0.08205547390416432      0.46475209211082386
0.3851603122531798        0.08431510156971485      0.4263463987143546
0.39039375699343876       0.08668435370593454      0.39027399723600015
0.3957921120469189        0.08916913241179922      0.3564706520050313
0.4013597508152102        0.09177567903023344      0.3248673365946915
0.4071010821042378        0.0945105960826101       0.29539075516743735
0.41302054146898315       0.0973808674241633       0.2679639115599552
0.41912257653033463       0.10039388006170534      0.2425066915516436
0.4254116350429233        0.1035574443075217       0.21893644722922773
0.4318921610518351        0.10687982564007664      0.19716852155593598
0.4385685735745414        0.11036976497134975      0.17711685376159225
0.4454452475947787        0.11403650825716323      0.1586945225774012
0.4525552868074067        0.11790566025334083      0.14174963555502237
0.4599424892247896        0.12201079563643491      0.12613857095571276
0.46762194094177106       0.12637172043587508      0.11180134898850602
0.47560238375270586       0.1310060554294531       0.09868897520024962
0.4838924475531641        0.13593270586466571      0.08674821196851146
0.4925005870213019        0.1411719579729993       0.0759222572797377
0.5014350097399946        0.1467455740198047       0.06615145595046606
0.510703589333539         0.15267690028460448      0.05737400870675316
0.5203416518278118        0.15900953811262725      0.049505590385842936
0.530398917443232         0.1658012180394407       0.042463619231240625
0.5408975663685548        0.17309631070072998      0.0361945729336107
0.5518485372834279        0.18093564755604014      0.030650833068495104
0.5632616094246379        0.18936346749245572      0.025782404444525935
0.5751451478337506        0.1984277165173983       0.021537715184411416
0.5875346720163117        0.20820353876334538      0.017856620154306432
0.6004712652518827        0.21878022161772998      0.014682800669738056
0.6139638253254925        0.23023126446857228      0.011970778204304375
0.6280146421265276        0.242634169533053        0.009675549711211153
0.6426301925983495        0.25608132331628336      0.007751408258237208
0.6578217491891689        0.2706838621823953       0.00615357754023679
0.6735861924413621        0.28655634303204297      0.00484084561581649
0.6899028000755651        0.303814088967356        0.003774960262022232
0.7067412695474171        0.32258252420406813      0.002919825506869701
0.7240593148884764        0.3429971877331832       0.002242007173321366
0.7417984654014123        0.3652015878402065       0.0017111243342961644
0.759869588967975         0.3893301498275884       0.0013002531361469636
0.7781646730546328        0.4155227311748751       9.855226188735528E-4
0.7965146785666032        0.4438598261268627       7.467681415141218E-4
0.8146947671455111        0.47434617156561387      5.669636503858698E-4
0.8323623864789839        0.5067556373162914       4.3248154853169573E-4
0.8489847935970182        0.5403544473352709       3.329322904558761E-4
0.8642510956016478        0.5745912665922955       2.587811300734824E-4
0.8781367615433375        0.6094110377090124       2.022180942704502E-4
0.8906195941441019        0.6447579883308555       1.5811303314074995E-4
0.901679664395968         0.680575543170753        1.230498375524198E-4
0.9112993082213083        0.7168063030589931       9.470611885685781E-5
0.9194633538945859        0.7533930431620253       7.14600147219961E-5
0.9261587472316265        0.7902773941658456       5.214769624369538E-5
0.931374706264071         0.8274000309300463       3.5913577239523684E-5
0.935102866081567         0.8647011369010733       2.2116927739053176E-5
0.9373373306808415        0.9021208872552224       1.027089188835586E-5
0.9380746392442025        0.9395999351083492       0
