0                         0.016507866635846496     6736.746591893593
0.0032277738119561427     0.01650782498147739      6736.724252268354
0.006463051313651676      0.016507745886049835     6736.657025284103
0.009707565372029806      0.01650762462482972      6736.544524180566
0.012961345721740307      0.01650744856988222      6736.386358225958
0.01622441654406277       0.01650722119403387      6736.182132616029
0.019496804934689357      0.016506942200790947     6735.931448332472
0.022778537760552522      0.016506610097961064     6735.633902117565
0.026069641391717434      0.016506224378521957     6735.2890864109
0.02937014259084722       0.01650578488950329      6734.8965892661445
0.032680068213310605      0.016505290664059383     6734.455994280353
0.03599944516626643       0.016504741351073986     6733.966880539059
0.03932830040936299       0.016504136029879504     6733.42882251842
0.042666661015557994      0.016503474015778657     6732.841390021432
0.04601455392259324       0.016502754581292522     6732.204148098738
0.0493720062382501        0.016501977746347193     6731.516657026795
0.05273904539090862       0.016501142411677647     6730.778472138174
0.05611569868595475       0.016500248582966517     6729.989143868082
0.059501993753412655      0.01649929443091363      6729.148217457214
0.06289795779015835       0.01649828006486498      6728.255233139466
0.06630361843580007       0.016497204732201166     6727.309725844203
0.06971900330401631       0.016496067730235632     6726.311225216965
0.0731441400738105        0.01649486860874416      6725.2592555425845
0.07657905659769063       0.01649360669064338      6724.153335616142
0.08002378079942744       0.01649228114671114      6722.992978634247
0.08347834062279076       0.016490891166818913     6721.777692122906
0.08694276405124927       0.016489436109614036     6720.5069778478055
0.09041707915961933       0.016487915350201433     6719.180331726553
0.09390131411220677       0.016486328317318853     6717.797243722473
0.09739549717388872       0.016484674373078906     6716.357197776152
0.10089965674465287       0.016482952657586616     6714.859671639875
0.10441382127600785       0.016481162272445258     6713.304136780043
0.10793801925881095       0.01647930228699726      6711.69005823974
0.11147227917545043       0.01647737211338786      6710.0168946109925
0.11501662961044565       0.016475371275149142     6708.28409792364
0.1185710993041942        0.016473298849132727     6706.491113476068
0.12213571704672857       0.016471154095195124     6704.637379791862
0.1257105117365912        0.01646893638374908      6702.722328477662
0.12929551239008383       0.016466644881330275     6700.745383965528
0.13289074802440282       0.016464278695651514     6698.7059635665755
0.13649624779900757       0.016461836683073848     6696.603477223016
0.1401120409595569        0.016459317726927557     6694.4373272601515
0.1437381567115404        0.016456721110751114     6692.206908371489
0.14737462427515335       0.01645404643473922      6689.911607646405
0.15102147305388636       0.016451292870987726     6687.550804344844
0.1546787326264387        0.01644845924266987      6685.123869677669
0.15834643270499135       0.016445544075025697     6682.630166479046
0.16202460299344598       0.016442546205822625     6680.069049002683
0.16571327311164932       0.016439464753732716     6677.439863093617
0.16941247277164276       0.0164362990160999       6674.7419459935945
0.1731222318310488        0.016433048228607628     6671.974626084623
0.17684258025541774       0.01642971148094953      6669.137222824728
0.18057354818344085       0.016426287067902185     6666.229046269723
0.18431516578017457       0.016422773636865548     6663.249396872438
0.18806746316924916       0.01641917014799074      6660.197565648723
0.1918304705675292        0.0164154759793063       6657.0728338445015
0.19560421831073235       0.016411689885557565     6653.874472699856
0.19938873684407754       0.01640781023313362      6650.601743206446
0.20318405668162096       0.016403835796406894     6647.253895896265
0.2069902083835883        0.016399765980613008     6643.830170647062
0.2108072225724546        0.01639559969002173      6640.32979651553
0.21463512996338735       0.016391335160635994     6636.751991577089
0.21847396140071118       0.016386970336607926     6633.095962381737
0.22232374773878483       0.016382504387794396     6629.3609037290225
0.22618451979274687       0.016377936649366095     6625.545999086413
0.23005630852865436       0.01637326604014475      6621.650420055389
0.2339391450817132        0.016368491081948464     6617.673326002792
0.2378330607597218        0.016363609488091974     6613.613863166418
0.24173808686450088       0.01635861942447838      6609.471164403433
0.2456542545739395        0.016353519970973136     6605.2443499199935
0.24958159512382286       0.01634831084510374      6600.932527102461
0.25352013993724576       0.016342990726679378     6596.534789598369
0.2574699206193553        0.016337556262773233     6592.050216932602
0.2614309688855472        0.016332006370966694     6587.477873544346
0.26540331635572567       0.01632634068740108      6582.8168096332865
0.2693869947920261        0.01632055574582491      6578.066060217205
0.27338203607239175       0.01631464952684341      6573.224644226347
0.27738847199063116       0.016308621699692438     6568.291565233465
0.2814063343691169        0.01630247127985918      6563.2658112417475
0.28543565516832675       0.016296196293432957     6558.146354212162
0.28947646652716963       0.016289794246186866     6552.932148916904
0.2935288006481307        0.01628326389437114      6547.622132801675
0.2975926898021535        0.016276602944197516     6542.21522528788
0.3016681662972974        0.01626980924593368      6536.710327337757
0.30575526246624607       0.016262880281213064     6531.1063214618025
0.30985401072434554       0.01625581453315502      6525.4020711630965
0.3139644435600798        0.016248610943675353     6519.596420497818
0.3180865935677686        0.0162412672367572       6513.688193739201
0.3222204934873433        0.016233780191224848     6507.6761936689945
0.3263661760465528        0.016226147894877026     6501.559201690296
0.3305236740002288        0.016218366851873587     6495.335977357924
0.3346930201155219        0.016210435546247407     6489.005257666028
0.3388742471381247        0.016202352506437038     6482.565757902461
0.3430673879489102        0.01619411612934437      6476.016170466859
0.34727247558774343       0.0161857239184046       6469.355164369318
0.3514895432624661        0.016177172741137398     6462.581383038136
0.3557186241775923        0.0161684610024439       6455.693444649517
0.3599597516096196        0.016159584884473176     6448.689941262899
0.36421295888989186       0.0161505421524547       6441.569437542389
0.3684782793596612        0.016141329728433094     6434.330470766096
0.37275574643667947       0.016131944017295986     6426.971549229037
0.37704539352632194       0.01612238273468697      6419.491152339949
0.3813472540643606        0.016112643984787383     6411.887730727034
0.385661361600795         0.01610272661212777      6404.159705151607
0.389987749853329         0.016092627476654995     6396.305465991602
0.39432645277805056       0.01608234145000976      6388.323369140374
0.3986775043020342        0.016071865576393427     6380.211735689818
0.40304093825839266       0.01606119581064078      6371.968852010517
0.40741678840496903       0.016050330301822444     6363.5929698637565
0.41180508853512016       0.016039266662238486     6355.082307010689
0.4162058727060016        0.016028001333117364     6346.435044298838
0.4206191751872018        0.01601653090413892      6337.649322443329
0.4250450302597948        0.016004851368493084     6328.723241356431
0.42948347210668997       0.015992959525867254     6319.654860507806
0.4339345348836176        0.015980854213386488     6310.442200103382
0.4383982529979781        0.015968531885909874     6301.083237452136
0.4428746611013454        0.01595598657030457      6291.575902994109
0.44736379383175917       0.015943212134561416     6281.918078235115
0.45186568559451973       0.0159302058974582       6272.107596646998
0.4563803706866905        0.015916965619011035     6262.142246153806
0.46090788371321445       0.015903486759799784     6252.01976504691
0.4654482595511392        0.015889765446472453     6241.737837621083
0.4700015331397097        0.01587579400647799      6231.29409151214
0.4745677391485239        0.015861575892894504     6220.686101320941
0.4791469124434322        0.015847102950821843     6209.911388609929
0.4837390882443446        0.015832369308748345     6198.9674069834355
0.4883443014586659        0.01581736991835444      6187.851548777741
0.49296258685062605       0.015802100698316175     6176.561143706803
0.49759397916973785       0.01578655879337518      6165.093461695339
0.5022385135365458        0.015770737918145473     6153.445705841971
0.506896225251236         0.015754635239868912     6141.615008590553
0.5115671496724125        0.015738246060798884     6129.598431351343
0.5162513222494678        0.015721562947296343     6117.392956209785
0.5209487782226604        0.015704582140808335     6104.995487220538
0.5256595527734239        0.015687298002819837     6092.402850932228
0.5303836812083841        0.0156697069485639       6079.611794123221
0.5351211990079269        0.0156518046602798       6066.618980492888
0.5398721418690378        0.015633583483040208     6053.420983787763
0.5446365454593196        0.015615036319935115     6040.014279884768
0.5494144451855734        0.015596159042169263     6026.3952509929395
0.5542058765794998        0.015576943367911485     6012.5601820084685
0.55901087528061          0.01555738476789959      5998.505255803469
0.5638294769123767        0.015537479704134879     5984.226551654502
0.5686617172208762        0.015517221597041301     5969.720041888208
0.5735076320920862        0.015496602501041885     5954.981583035601
0.5783672573615779        0.015475617805414937     5940.006915384596
0.5832406289163455        0.015454260467433732     5924.791655824123
0.5881277825839302        0.015432524286719328     5909.33129438307
0.5930287541667406        0.015410402102342244     5893.6211923508745
0.5979435795561889        0.015387889289604852     5877.6565795108
0.6028722948894052        0.01536497823826803      5861.432541683361
0.6078149363442816        0.015341659085282594     5844.944013432444
0.6127715399872963        0.015317920851720901     5828.185771148422
0.6177421415929271        0.015293760315156798     5811.152431851787
0.6227267769232286        0.015269175388102633     5793.838459644266
0.6277254820740121        0.015244160841444742     5776.238154101554
0.6327382933681284        0.015218707402624463     5758.345642267442
0.6377652471432527        0.01519280528732635      5740.154860621774
0.6428063794636264        0.015166450643983254     5721.659560527302
0.6478617265438161        0.015139634031258273     5702.8532960916355
0.6529313245634247        0.015112348469368365     5683.729413658112
0.6580243227116843        0.015084533903725572     5664.245940722123
0.6631584701316577        0.015056081154019458     5644.325065701948
0.6683426178722613        0.015026929748547725     5623.919953665427
0.6735772468181772        0.014997063479145029     5603.01494611435
0.6788628425318397        0.01496646072805219      5581.5936979399585
0.684199894820398         0.014935099142247355     5559.639137622849
0.6895888976533355        0.014902957430118708     5537.133432519713
0.6950303493015912        0.014870019621864353     5514.057948681881
0.7005247526428982        0.014836267071722463     5490.393206768337
0.706072615201102         0.014801678502073423     5466.118841104279
0.7116744491335395        0.01476622862783784      5441.213536118195
0.7173307709053615        0.014729899408788332     5415.654971056479
0.7230421014932731        0.01469267059133397      5389.419768077859
0.72880896647355          0.014654523829826696     5362.483438029014
0.734631896107291         0.014615430434709652     5334.820296344613
0.7405114249123288        0.014575367640742897     5306.403392225523
0.74644809218813          0.01453430864889791      5277.2044556744895
0.7524424415436696        0.014492231163279662     5247.193763390084
0.7584950208871193        0.014449122857832099     5216.340113644001
0.7646063836165021        0.014404974465535316     5184.610783390194
0.7707770884964255        0.014359763346078462     5151.971385361962
0.7770076986825342        0.014313469411329669     5118.385777662349
0.7832987818146523        0.014266068545471763     5083.815962222213
0.7896509094209865        0.014217536941222485     5048.221876992027
0.7960646576840301        0.014167868506713855     5011.561390124065
0.8025406088652166        0.014117064091184468     4973.790251608425
0.8090793505410148        0.014065096258409807     4934.861850316384
0.8156814741319498        0.014011951408111066     4894.727069128075
0.8223475757483185        0.013957634099603433     4853.334224697724
0.8290782564534535        0.013902151236533648     4810.62891113026
0.8358741225658876        0.013845502346290528     4766.553949025255
0.8427357856543264        0.01378769760252907      4721.049283062154
0.8496638620382023        0.013728752919685191     4674.051804765613
0.8566589719596372        0.013668677779224826     4625.495071041409
0.8637217403448469        0.013607508753688843     4575.309306152362
0.8708527980623273        0.013545304677375485     4523.421485116332
0.8780527815658077        0.013482105608912312     4469.75527177776
0.8853223317566911        0.013417975554127657     4414.230926317491
0.8926620938030654        0.013352997581507285     4356.765352298076
0.9000727163614753        0.013287237141206014     4297.271861241887
0.9075548528845707        0.013220810065260217     4235.660497308626
0.9151091633646894        0.013153870153868381     4171.838548445065
0.9227363133376987        0.013086572324089938     4105.710870243514
0.9304369730578952        0.013019116832448547     4037.1803834329517
0.9382118171371137        0.012951712069398106     3966.148867434423
0.9460615239808428        0.012884576908953206     3892.517340758493
0.9539867772441774        0.012818011887751361     3816.1873119471948
0.9619882666593379        0.01275234662172632      3737.0623819962702
0.9700666879684315        0.012687969435765193     3655.050165515529
0.9782227434899501        0.012625347289401172     3570.0645906335308
0.986457140516872         0.012564987742870633     3482.0287229032406
0.9947705911983116        0.012507441756828417     3390.877508228783
1.0031638137831118        0.01245336937295621      3296.5617504537813
1.0116375338474648        0.012403512789116883     3199.0525531740286
1.0201924834227643        0.012358718589250244     3098.3466469614964
1.0288294009038053        0.012319917274905421     2994.4719619139155
1.0375490300317216        0.012288180722113438     2887.4942188936247
1.0463521191431748        0.012264674176955963     2777.5235248415315
1.0552394228392443        0.012250711412637486     2664.721019997719
1.0642117018507788        0.012247738711283665     2549.306174217021
1.0732697240577649        0.012257352258119513     2431.5631124135634
1.082414261769508         0.012281278659567373     2311.8459273360995
1.0916460884523826        0.012321387116685312     2190.5820986993012
1.1009659822455362        0.012379686777272447     2068.2727953715425
1.1103747217973046        0.012458338071825304     1945.491002361783
1.1198730831154131        0.012559586745318605     1822.8751859624365
1.1294618422540228        0.012685800681339825     1701.1177357560935
1.1391417769199967        0.012839399240082783     1580.9492429499164
1.148913661951152         0.013022871614345923     1463.118674424712
1.1587782629287133        0.013238704225008491     1348.3707145355395
1.1687363453653923        0.013489354017859181     1237.4196480378964
1.1787886733958246        0.013777225965236051     1130.924121670386
1.1889360138877338        0.014104619901211634     1029.4630917573081
1.1991791340883875        0.014473715313256662     933.5161469431448
1.2095188043453249        0.014886528625048336     843.4491576665885
1.2199558048687889        0.015344891419899736     759.5060521506791
1.23049092610814          0.015850459560894446     681.8078407847325
1.241124974372566         0.016404661543937958     610.3582872883119
1.2518587688895788        0.017008757742415795     545.0550033138088
1.2626931396688532        0.01766384567425481      485.70488274564246
1.2736289370775546        0.018370848094629952     432.0413453544897
1.284667031421226         0.019130511337088436     383.7425710506897
1.295808315976175         0.019943433732149365     340.4488936229629
1.3070556366370523        0.020810270779573335     301.7727413934097
1.318457174078997         0.021735365934869154     267.192826360734
1.3300606246578388        0.022723747906478495     236.25766146387275
1.3418694874935215        0.023777084732955894     208.67192188225258
1.3538873345483982        0.024896998595334244     184.14225795577755
1.3661178104186869        0.02608509755758627      162.3833396777428
1.3785646340926734        0.02734297703260751      143.1224717012017
1.39123159682289          0.028672271621732578     126.10279890881004
1.4041225627892098        0.030074656811566233     111.08539308666656
1.4172414801533244        0.03155180556893659      97.85028640612794
1.4305923759793002        0.03310543656629837      86.19673060381011
1.4441793591654764        0.03473730637340415      75.9428751195131
1.458006613050164         0.03644925643855217      66.92503856886115
1.472078401618073         0.03824316603866988      58.996701086819144
1.486399064014985         0.040120990495070015     52.02730393176306
1.5009730177102618        0.042084733888933364     45.90095619858287
1.5158047490222226        0.04413652177467979      40.51510406257896
1.530898817646168         0.04627854455476149      35.779250746715604
1.5462598568390347        0.04851305979623207      31.61370430399028
1.5618925637306127        0.050842444938828675     27.948411708971246
1.5778016958745205        0.053269197148105886     24.72189020490664
1.593992072536012         0.05579592373104378      21.880235607024964
1.6104685679822999        0.05842537750420506      19.37622366800268
1.627236114523394         0.06116040624471169      17.168510118049106
1.6442996977906692        0.06400397368912947      15.220908150157316
1.6616643490449734        0.06695920698911151      13.501750135626688
1.6793351489823038        0.0700293683049351       11.983324867061132
1.6973172296224885        0.0732178449358789       10.641378971776428
1.7156157772088383        0.07652814772367522      9.454679373653335
1.7342360367221283        0.07996390312930951      8.404629832726775
1.7531833159452677        0.08352884976839636      7.4749355797154555
1.7724629891369124        0.08722684356606838      6.651310871895229
1.792080502127307         0.09106185036714803      5.921224366423408
1.812041373538767         0.09503796333387818      5.273676984684173
1.8323511954839082        0.09915941236039223      4.69900896387796
1.853015635479195         0.10343055974189558      4.188731772101971
1.874040436569839         0.10785591194945125      3.7353813888916783
1.895431416418902         0.11244013388875979      3.3323905253016832
1.9171944678485062        0.11718804855732809      2.973977346216163
1.9393355581490253        0.12210464526401686      2.655048256994712
1.9618852217713916        0.127200669411512        2.3708244052399507
1.9848839636621074        0.13248972935665365      2.1170978862363667
2.0083489994019508        0.1379806616114869       1.8904857059005515
2.0322891153432723        0.1436806466294255       1.6880750045258301
2.0567132262171572        0.14959714177527947      1.507268876293564
2.0816303743650884        0.15573789103500443      1.3457517605781648
2.1070497290880765        0.16211093478806984      1.201458638466654
2.132980585591401         0.16872462045153822      1.0725476139671861
2.1594323637105224        0.175587613470501        0.9573755213289833
2.1864146062476957        0.18270890940874684      0.854476220028838
2.213936976554299         0.19009784836402915      0.7625412868688497
2.2420092565130485        0.1977641272096133       0.680402844028537
2.270641344124333         0.20571781278154283      0.6070182771766526
2.299843249495694         0.2139693598939578       0.5414566332899317
2.329625091649357         0.22252962463953693      0.4828865264655759
2.359997080529949         0.2314098653751951       0.43056539894576196
2.3909695320260265        0.24062177374132665      0.3838298689466968
2.422552866693892         0.25017749800373357      0.3420871958600189
2.4547575957465257        0.2600896493958427       0.3048077063934626
2.487594314726818         0.2703713215716191       0.27151801637087486
2.521073696790365         0.2810361094420861       0.241794994112343
2.5552064872759614        0.29209812268266044      0.21526038174151718
2.5899835253255703        0.303565366257979        0.19158870693865
2.6253807853836575        0.3154408920195019       0.17049227799344954
2.6613930907070213        0.32773396262679694      0.15169771134853954
2.6980289613379225        0.340458798697501        0.13495320109631256
2.735296905225227         0.35363011812321177      0.12003487887131667
2.7732054085564224        0.3672631521679092       0.1067436386482003
2.811762925618757         0.38137366154987035      0.09490233403106106
2.850977867062939         0.39597795531336594      0.08435330217949906
2.8908585877647077        0.41109290913636676      0.07495617584208576
2.9314133744163806        0.4267359827529429       0.06658594851176478
2.9726504327055587        0.44292523687738083      0.05913126221509154
3.0145778719481986        0.4596793548448551       0.05249289086605827
3.0572036893452226        0.4770176632131228       0.04658239708269021
3.100535754172372         0.4949601506379546       0.041320941754192694
3.144581790845336         0.5135274875887221       0.03663822804219726
3.189324552091449         0.5327303083697802       0.0324737230969921
3.2346903237789926        0.5525543715899198       0.028776879704305237
3.280627766762543         0.5729936809239229       0.025498802255495095
3.3271397082967664        0.5940658446927803       0.022591586795935138
3.374228745335248         0.6157889598013662       0.020012944892523723
3.4218972308532156        0.6381816193608946       0.01772552110387666
3.4701472601543495        0.6612629194819079       0.015696297096721178
3.5189806329586126        0.6850524653661829       0.013896071278085944
3.5683988049154727        0.7095703723142261       0.012299003670711555
3.6184029686322456        0.7348373181606646       0.01088221402335748
3.6689939800999047        0.7608745270750432       0.009625434618494261
3.7201723316519164        0.7877037796211585       0.008510703592731038
3.771915801811592         0.8153353885401993       0.007522494650000573
3.8241327071855467        0.8437414250966931       0.00664796702217842
3.876751831337991         0.8729024332073018       0.005874916481250826
3.929769463865993         0.9028351668588865       0.0051914111855911604
3.983181536719396         0.9335566944347732       0.004586964079157108
4.036983614250365         0.9650843933814955       0.004052350460796782
4.09117087481659          0.9974359589145162       0.003579449611093658
4.145738100906798         1.0306293974079443       0.0031611074548199354
4.2006796623214075        1.0646830310119486       0.002791017026331897
4.255989500546455         1.09961549932826         0.0024636144722682673
4.31166111347437          1.1354457598542955       0.0021739884291523807
4.367617515796725         1.172146724427368        0.0019181009860179544
4.423773735513818         1.209683006023769        0.0016923019138941637
4.480114149141704         1.2480634332819032       0.0014930391911824124
4.536630020380712         1.2873016757205766       0.001317164791247436
4.59331225235122          1.3274115365476291       0.0011619138679789874
4.650151292298169         1.3684068902924984       0.0010248563716675667
4.707137232684642         1.4103017519355419       9.038546325748762E-4
4.764259807494354         1.4531102785108967       7.970268692066607E-4
4.821508329980815         1.4968467294407999       7.027155556958989E-4
4.878835954912323         1.541497364080131        6.195084220692587E-4
4.936171079825473         1.5870268325684347       5.461718085372304E-4
4.993477797523537         1.6334255633726276       4.815553553111816E-4
5.050744611111603         1.6807030444090096       4.24616198025652E-4
5.1079597071190666        1.7288687465678987       3.74438626964434E-4
5.165110952193345         1.7779321189359651       3.3021801827721846E-4
5.222185887329493         1.827902587036286        2.912468918637402E-4
5.279171728269398         1.8787895441124123       2.569028103285089E-4
5.3360553609375705        1.930602348487448        2.266378471033172E-4
5.3927814203316915        1.9833109806465476       1.9998791186607708E-4
5.449292211378069         2.036880284424409        1.7653840836329897E-4
5.505572210079227         2.091313041958725        1.5590404405718027E-4
5.561608570698551         2.146614619563426        1.377453097536927E-4
5.617388175544571         2.202790246684584        1.2176401392822296E-4
5.67289761394678          2.259844990156554        1.0769812675011615E-4
5.728123322963351         2.3177838895593985       9.53172617849876E-5
5.783051484706275         2.376611852359134        8.441880174911053E-5
5.837644835172592         2.4363080254664515       7.482832150829977E-5
5.891858065113433         2.4968404528334984       6.639217507460382E-5
5.945669530308051         2.5582015172080887       5.897065021245992E-5
5.999066113031599         2.620392854528914        5.243973636537744E-5
6.052034531025561         2.683415942854313        4.66905923120727E-5
6.104561338386844         2.7472721021668227       4.1627668338160686E-5
6.156632931404963         2.8119624903546714       3.71670691536193E-5
6.208235548323109         2.87748810459496         3.3235123261909044E-5
6.259336406931275         2.943825006044749        2.9768341564606965E-5
6.3098999266136335        3.010943289394627        2.671074468015202E-5
6.359909904980014         3.0788369518826415       2.4011846990835298E-5
6.409353654539454         3.1475044572064164       2.162720484888512E-5
6.458218340417328         3.216944013053265        1.951789749906471E-5
6.506491033817596         3.2871536440907017       1.7649840824024332E-5
6.554158772958808         3.3581312761707536       1.599318884918063E-5
6.601205523912002         3.4298700522587127       1.452190260094597E-5
6.647602860193844         3.5023430193803047       1.3213499327535388E-5
6.693326081343184         3.575526784655016        1.2048113814022531E-5
6.738363303715737         3.649417147719284        1.1008034090502948E-5
6.78270260386275          3.7240097228744093       1.007780174929958E-5
6.82633202369067          3.7992999408473254       9.243929066926596E-6
6.869239574123988         3.875283051709547        8.494651306528341E-6
6.911413241718667         3.951954126400583        7.819709877368635E-6
6.95283343711757          4.029293759464273        7.210268896384238E-6
6.993478212345656         4.107276227032783        6.658639974315611E-6
7.033333720054326         4.185889575318616        6.158007770344076E-6
7.072389182233418         4.265127315196396        5.702402462890254E-6
7.110633769210384         4.344982658229703        5.286631093986936E-6
7.148056707733904         4.4254487188591805       4.906174920454657E-6
7.184647261744107         4.506518474980682        4.557101011403869E-6
7.2203919931682           4.588178429016464        4.236008484735476E-6
7.25527349008681          4.670404523979167        3.9399650638857555E-6
7.289277647574697         4.753178457388238        3.6663838630600595E-6
7.322394892480129         4.8364918401053325       3.41297175783435E-6
7.354615701548232         4.920336119111904        3.177724720635633E-6
7.385930607221379         5.004702582271552        2.95888789975571E-6
7.416330200581441         5.089582364413713        2.7549210050569527E-6
7.445804417425589         5.174964320071203        2.564473034636424E-6
7.474339636775415         5.260825711989145        2.386373481925711E-6
7.5019235871583305        5.347145541528631        2.219577880438469E-6
7.528548050705227         5.433913955890022        2.063135186048805E-6
7.55420474242796          5.521120453797293        1.916198082639573E-6
7.578885655139347         5.60875500098954         1.7780069995891744E-6
7.602582907608677         5.696807574768831        1.6478791838698598E-6
7.625288616583142         5.785267703123759        1.5251992223473504E-6
7.64699237382027          5.8741137831087205       1.409423884938772E-6
7.667684409161749         5.963324082339869        1.3000578104250732E-6
7.687357903826723         6.052887561908923        1.1966360141278832E-6
7.706006135891613         6.142793017545653        1.0987341365594251E-6
7.723622486887297         6.233029085727981        1.0059640177836495E-6
7.740200445564061         6.323584250649917        9.179698939602975E-7
7.755733614534714         6.414446850900535        8.344251666649571E-7
7.770214363465545         6.505596237172571        7.550370445268409E-7
7.783635538983713         6.597011137796139        6.795353747020914E-7
7.795991698222109         6.6886789869190935       6.076635279759264E-7
7.807277597459431         6.780587502283565        5.391844478824385E-7
7.817488128809844         6.87272431093149         4.73879163845669E-7
7.826618322048324         6.965076957889005        4.115451802790201E-7
7.8346633486245185        7.057632914783183        3.519950131963856E-7
7.8416180169076855        7.150372296295089        2.9505917069786976E-7
7.847477601200935         7.243274756084469        2.4057995395328337E-7
7.8522382130730355        7.336327195610738        1.8840594853118098E-7
7.855896135700778         7.42951684136698         1.3839494043516308E-7
7.858447794998421         7.522830905261253        9.041080853576462E-8
7.859889762850888         7.616256593865147        4.430995572840673E-8
7.8602187272987925        7.709830786334475        0
