0                         0.01650308381851066      6738.415347473568
0.0032277541207275822     0.01650300875763664      6738.392981965564
0.006463015255990456      0.016502943942955102     6738.3256772471395
0.00970751115288902       0.016502844616701068     6738.213046491458
0.012961274306098206      0.01650269356778244      6738.0546990687235
0.016224328507694796      0.01650250255029684      6737.8502404873925
0.019496701882656592      0.01650226314263122      6737.59927216942
0.022778419765787494      0.016501974342643957     6737.3013914282
0.02606950903237472       0.016501636470781986     6736.956191328363
0.029369996821647953      0.016501247360431383     6736.563260634803
0.032679909698458486      0.016500805848024453     6736.122183753247
0.03599927442675786       0.01650031089040494      6735.632540602232
0.03932811762366852       0.016499761710549864     6735.093906552006
0.0426664664352768        0.01649915703808293      6734.505852305187
0.046014347627732335      0.01649849800098961      6733.867943989614
0.049371789258659676      0.016497780189208812     6733.179742663473
0.052738817257725         0.016497007097895134     6732.440804965868
0.05611546009344698       0.01649617456990035      6731.650682140503
0.05950174438308293       0.01649528470315341      6730.808920799808
0.0628976983843871        0.016494333155548133     6729.915061985066
0.06630334864422106       0.01649332310441225      6728.968642049397
0.06971872374247796       0.01649224973923491      6727.969191480571
0.07314385038968502       0.016491116329854946     6726.916235993949
0.0765787570073148        0.01648991960909475      6725.809295355606
0.08002347111372915       0.01648866133956752      6724.647884360443
0.08347802142017832       0.016487337333864056     6723.431511320454
0.08694243507137198       0.016485948980234404     6722.15967962264
0.0904167404801384        0.016484494587793448     6720.831886334477
0.09390096523716716       0.01648297651819883      6719.447623056484
0.09739513763281521       0.016481394825855786     6718.006375658204
0.10089928672375936       0.01647974743006889      6716.507623927109
0.10441344176190427       0.016478030085933338     6714.950840292117
0.10793763042271881       0.016476242303484132     6713.335491843728
0.11147188110076554       0.016474386785836126     6711.661038785457
0.11501622257630367       0.016472462315417435     6709.926934944989
0.11857068421400455       0.016470464447263727     6708.132627000986
0.12213529520693164       0.016468389201963633     6706.277553474036
0.12571008322434699       0.016466240231534753     6704.361147595427
0.1292950776924717        0.0164640144103278       6702.382834067495
0.1328903072999068        0.016461712949100232     6700.342031483315
0.13649580198020897       0.0164593308436046       6698.238148485771
0.1401115896384616        0.01645687030119063      6696.070589437818
0.14373770068374253       0.016454327013108137     6693.8387475668815
0.14737416367338732       0.016451702737964834     6691.542010749847
0.15102100875795907       0.01644899434680188      6689.17975598765
0.15467826453475292       0.016446201787472973     6686.751355178281
0.15834596129358314       0.016443323364273527     6684.256168166547
0.16202412737878555       0.016440360138913753     6681.693550893924
0.16571279336795253       0.0164373125709831       6679.062847239896
0.16941198906099078       0.016434172916238225     6676.363393680149
0.1731217444647323        0.016430946013707506     6673.594515697622
0.17684208867083342       0.01642762977553368      6670.755533137075
0.18057305241048685       0.016424221228895194     6667.84575379548
0.18431466575753375       0.01642072148945147      6664.864476238372
0.1880669585860053        0.0164171314785743       6661.810990492413
0.19182996140562836       0.01641344395640848      6658.684575380242
0.1956037043841293        0.0164096621086111       6655.484500682551
0.1993882179776235        0.016405786165892115     6652.210024811272
0.2031835323816           0.016401810653481497     6648.860398380946
0.20698967865801532       0.016397743024155628     6645.434857669732
0.2108066872104718        0.016393570205162643     6641.932631455588
0.21463458942969196       0.01638929930099418      6638.352932781783
0.21847341561496267       0.01638492123482937      6634.69496591067
0.222323196673393         0.01638043850284119      6630.95792316367
0.2261839636160926        0.016375853735684582     6627.140983258302
0.23005574733808165       0.01637115651159307      6623.243315591579
0.23393857942577018       0.016366357856767492     6619.264070553328
0.23783248998634826       0.01636144288094424      6615.202395095413
0.24173751110713695       0.016356418479514773     6611.057413573441
0.24565367332140778       0.016351277053820133     6606.828244915447
0.24958100830570593       0.016346029271210302     6602.513988763794
0.25351954679497524       0.01634066234900848      6598.113739384668
0.2574693209738898        0.01633519091444197      6593.626570741257
0.26143036265788316       0.01632959045485188      6589.0515436872165
0.26540270359117596       0.01632387953428999      6584.387701400492
0.269386374919609         0.016318045861049173     6579.634078756569
0.27338140901817276       0.016312088163590376     6574.789689821646
0.2773878377429902        0.016306009311126444     6569.853534342014
0.2814056930801262        0.016299806773225484     6564.824596248092
0.28543500728896526       0.01629347277963398      6559.701839486032
0.2894758119747796        0.01628701231341174      6554.484210949268
0.2935281384031515        0.016280425127275587     6549.170651933092
0.2975920190812816        0.016273718217309354     6543.760080871305
0.3016674867983902        0.01626686503994508      6538.251399578559
0.3057545743508422        0.016259897701156812     6532.64348285204
0.30985331330029436       0.016252782220129023     6526.935200288995
0.3139637366497728        0.016245546216533745     6521.125393021348
0.3180858762807342        0.016238161839757105     6515.212892613375
0.3222197651599375        0.01623066011618464      6509.19650841281
0.32636543642149085       0.016222997675042008     6503.075025402664
0.3305229233498668        0.01621520357695906      6496.847198127929
0.334692257643462         0.01620726343404158      6490.511777519926
0.3388734726716216        0.016199183350433195     6484.067488055019
0.34306660251753235       0.016190934491788253     6477.513017102023
0.3472716802335684        0.016182545820484596     6470.847025582808
0.3514887377552371        0.01617399520069843      6464.06816889505
0.3557178086535359        0.016165292463746397     6457.17506662561
0.3599589263717902        0.01615641186547651      6450.166312080116
0.3642121245256728        0.016147384850831156     6443.040472492027
0.36847743656499343       0.01613817038745915      6435.7960786659805
0.37275489585737437       0.016128795626275196     6428.431632562445
0.37704453472307914       0.016119242800551895     6420.945627570376
0.38134638705966173       0.01610952219060829      6413.336516231806
0.3856604868423825        0.016099602801136207     6405.602717107342
0.38998686774669755       0.016089523675315676     6397.742612968009
0.3943255627508913        0.01607924469249888      6389.754569985696
0.3986766064627963        0.016068791666172744     6381.636912553524
0.4030400327537917        0.016058132332853036     6373.387921993605
0.40741587488127007       0.016047297993567692     6365.005861049366
0.41180416700194417       0.016036259927492594     6356.488959017242
0.4162049440883702        0.01602501460274116      6347.835380126928
0.42061823971400125       0.01601355968052588      6339.0432698376635
0.42504408781438463       0.016001918634030117     6330.110738689692
0.4294825232335103        0.01599003896763794      6321.035847655856
0.43393358037909324       0.01597797009625292      6311.816602314371
0.4383972930823376        0.015965654869012125     6302.450979477534
0.442873695835152         0.015953142875030166     6292.936905821326
0.44736282261282084       0.01594038128918847      6283.272278934487
0.4518647086192988        0.015927410559278928     6273.454925985852
0.456379388229403         0.015914175518589934     6263.482630901028
0.4609068960554967        0.015900732922306215     6253.353129645067
0.4654472663717498        0.015887020235150758     6243.064111903624
0.47000053403705133       0.015873095389466983     6232.613220914791
0.4745667341389638        0.015858897797727162     6221.998025073497
0.47914590128214674       0.015844468501175185     6211.216052955021
0.48373807069896985       0.015829765503846537     6200.264771417958
0.48834327829251883       0.015814787723454696     6189.141542781235
0.49296155800471425       0.01579953475376548      6177.8437023827155
0.49759294438297974       0.0157840359195842       6166.368550375448
0.502237474236974         0.01576822221282601      6154.713258218634
0.5068951818349777        0.015752153030305017     6142.874930830507
0.5115661010497465        0.015735785359213817     6130.850655118771
0.51625026794119          0.015719134451509634     6118.637413177889
0.5209477185030535        0.015702151087582203     6106.232102005759
0.5256584880184397        0.015684895567688414     6093.631530765233
0.5303826112149911        0.015667301477015658     6080.832436230291
0.5351201232198725        0.01564943679961209      6067.831497384368
0.5398710601850542        0.01563120294187587      6054.625292743319
0.5446354580915054        0.01561268627925326      6041.21026361601
0.54941335170859          0.01559379936930607      6027.58280324217
0.5542047762942561        0.015574629851212714     6013.739222174997
0.5590097691545717        0.015555067627098632     5999.675704238332
0.5638283660241173        0.015535180883934113     5985.388295772225
0.5686606013553372        0.015514934021701508     5970.872935945052
0.5735065096944145        0.01549431651955385      5956.125518020778
0.5783661268687696        0.015473357536207624     5941.141788406677
0.5832394893141021        0.015451995162624979     5925.917394681326
0.5881266328233621        0.01543031663761571      5910.447848405696
0.5930275941562121        0.015408214827874089     5894.728512125325
0.5979424078393981        0.015385766003027802     5878.754624074257
0.602871110148885         0.015362908325245226     5862.521332271815
0.6078137384172296        0.015339643028398416     5846.02357483035
0.6127703285384444        0.015315968896512159     5829.256149469594
0.6177409165966741        0.015291868976494887     5812.213678150107
0.6227255379223509        0.015267335744337864     5794.890597733812
0.6277242271995194        0.015242378600191021     5777.281235170999
0.6327370214733661        0.015216988666365625     5759.379761269709
0.6377639589006865        0.015191146116882819     5741.180104050426
0.6428050755877754        0.015164838229170962     5722.675973151179
0.6478604067354408        0.015138062592830457     5703.8608972553
0.6529299875812892        0.015110809887140813     5684.728149714804
0.6580229665237654        0.015083009767872592     5665.235792293928
0.6631570930352221        0.015054608742071828     5645.305967823392
0.6683412201930102        0.01502544814606442      5624.891863740872
0.6735758286639401        0.014995647770630607     5603.977730891737
0.6788614044587484        0.014965031763600272     5582.547202180058
0.6841984352283504        0.01493368107846217      5560.583080565991
0.6895874139473578        0.014901539361340529     5538.067641713609
0.6950288409119706        0.014868616777314627     5514.982257640588
0.700523220324003         0.014834881362851571     5491.307467773126
0.7060710619026715        0.014800261132139845     5467.022791155971
0.7116728770987758        0.014764712962737686     5442.106516361348
0.7173291791688702        0.01472828661484274      5416.536220397786
0.7230404885327189        0.014690979002003743     5390.288429537898
0.7288073332674395        0.014652727573551546     5363.338843824819
0.7346302423354524        0.014613540018253032     5335.661299918
0.7405097496466153        0.014573355918618996     5307.2291198441935
0.7464463967778925        0.014532236558416779     5278.013792726849
0.7524407294162181        0.014490029979552971     5247.985706501217
0.758493292569694         0.014446829072150712     5217.113245658535
0.7646046402778952        0.014402614150259811     5185.364045108391
0.7707753361341003        0.014357290010677256     5152.703596172225
0.7770059410404218        0.01431085505265733      5119.09535798266
0.7832970205266263        0.01426332609161875      5084.501050885484
0.7896491478712225        0.014214636897504622     5048.880571402075
0.7960628992949512        0.014164822112847114     5012.191652300938
0.8025388563661373        0.014113897277133918     4974.389838055072
0.8090776084200987        0.014061840608747893     4935.428777140768
0.8156797470218886        0.01400854051327962      4895.259223455556
0.8223458622759914        0.013954093685692717     4853.829002038149
0.8290765582654944        0.013898554376122193     4811.084118890965
0.835872446262407         0.01384189170962238      4766.967805221696
0.8427341361563383        0.013784082791959326     4721.420068131386
0.8496622394366715        0.01372513052545833      4674.377525827059
0.8566573758562988        0.0136650621676569       4625.774088983031
0.8637201706348857        0.013603753150443376     4575.5395838380455
0.870851249658721         0.013541537267352079     4523.600317190153
0.8780512536203874        0.013478435213498225     4469.8804275651255
0.8853208271589489        0.013414431330172023     4414.301448951509
0.8926606055882366        0.013349404259427784     4356.778654213625
0.9000712356073743        0.013283750938255373     4297.226834400228
0.9075533817581815        0.013217496367466327     4235.5572485066
0.9151077032211486        0.01315076273819996      4171.67725140689
0.9227348605299298        0.013083644479673103     4105.491580673364
0.9304355214711232        0.013016241204413104     4036.9036810116986
0.9382103617572334        0.012948924304453381     3965.8133747321654
0.9460600582744463        0.012881689247781233     3892.1202686666848
0.9539852996924364        0.01281549422493827      3815.7277413384436
0.9619867747046136        0.012749714307681848     3736.540301767092
0.9700651784200186        0.012685547737348823     3654.4647852056924
0.9782212110109583        0.012622798141938611     3569.4150673825957
0.9864555825664344        0.012562758361002312     3481.3136662561774
0.9947690002457936        0.012505189035223838     3390.097758870519
1.0031621908879893        0.012451500092504265     3295.7170976292923
1.0116358787484718        0.012401679673139295     3198.1448935968374
1.0201907972264452        0.012357263361916074     3097.3797768059317
1.0288276724549446        0.012318502926789881     2993.4506461190176
1.0375472509973849        0.012287054270059163     2886.4223017322784
1.046350276295612         0.012263873505639606     2776.4084927060426
1.0552375145785202        0.012250171681599682     2663.5661924216147
1.0642097185516857        0.012247410067918539     2548.1171383819697
1.073267674678616         0.012257356508877597     2430.3446713123467
1.0824121094191526        0.012281316584002746     2310.6092977373587
1.091643839107878         0.012321762838719228     2189.3310845081005
1.1009636059235453        0.012380282138417107     2067.0179284044093
1.110372228537571         0.012459203668290387     1944.2371910442023
1.1198704497571295        0.012560516110937626     1821.6304914862828
1.1294590806577385        0.012687080959067652     1699.886487657704
1.139138827852983         0.012841142130783849     1579.7451149153603
1.1489105397774384        0.013024955149887177     1461.9492452075333
1.158774958941218         0.013241185106755272     1347.2445983780901
1.168732899465207         0.013492038448738454     1236.3420250550964
1.1787850398969246        0.013780443844205171     1129.9038835866997
1.1889322544471652        0.014108157356743827     1028.5041939309094
1.199175237968905         0.0144778085805117       932.622899376441
1.2095148436355527        0.014890865997201047     842.6224982912198
1.2199517733229275        0.015349777510064338     758.7463441817418
1.2304868983807569        0.015855554629493514     681.1140693230323
1.2411209298768404        0.016410488083344183     609.7287643813154
1.251854788544597         0.01701482246446227      544.4886279841747
1.2626892185481464        0.01767063765936564      485.19812700364537
1.2736251632760824        0.018377892431299354     431.5913552632877
1.284663402579042         0.019138279689960163     383.3448178183647
1.2958049381116084        0.019951371199821627     340.0996222407225
1.3070525074426895        0.0208187828850918       301.46733587752027
1.3184544080644267        0.02174407474461195      266.92677522514356
1.3300581941133645        0.02273321148382664      236.02722899243474
1.3418674996641393        0.023786899156508397     208.47384173207956
1.353885876012809         0.024907042653226068     183.97270117525045
1.366116951892664         0.026095283546615236     162.23848802797542
1.3785644289013794        0.027353293223651612     142.9986757190419
1.391232073900568         0.02868276766059875      125.99687701717419
1.4041237121019807        0.030085341218279334     110.99496116685062
1.4172432816430738        0.03156277332420069      97.77314643492264
1.4305948503614498        0.033116357657150285     86.13104302056267
1.4441824146024222        0.0347486042083417       75.88676796323855
1.4580102358221352        0.03646051873482917      66.87723784962624
1.4720824903832581        0.03825461571461258      58.95590839953503
1.4864035732040026        0.04013236895807385      51.99249522861077
1.5009778155374998        0.04209635391265172      45.87120133378307
1.5158097801942942        0.04414811757888666      40.489699893145556
1.5309040041311985        0.04629011933690477      35.757525301366876
1.5462651120551159        0.048524671878882646     31.59509104204558
1.5618978014573761        0.050854184334948045     27.93244789471784
1.5778068552687965        0.053281031340724525     24.708195181645767
1.5939970946252588        0.05580789553568668      21.86847784972542
1.6104734064150736        0.05843753364544359      19.36612962676194
1.627240733435284         0.06117278263616016      17.159844858586144
1.644304078415563         0.06401656191288398      15.213474359567785
1.6616684771966637        0.06697201461919458      13.495374967328143
1.6793390290612593        0.07004237897850561      11.977862229168434
1.697320865309045         0.07323103714388984      10.63670178445158
1.7156191800163438        0.07654152532075945      9.450677305435004
1.7342392207582413        0.07997742650714905      8.4012088185321
1.7531862987326443        0.0835425122409333       7.472013249414686
1.7724657930645975        0.08724057297343046      6.648817267564329
1.7920831445048953        0.09107564508802893      5.919097321125392
1.8120438761890114        0.09505175662078959      5.271863888427283
1.8323535722162596        0.09917319609808968      4.69746358599603
1.8530178965352437        0.10344431697045331      4.187414752885749
1.8740425848642246        0.10786967682194198      3.7342589770705725
1.8954334552162844        0.11245391072628409      3.331434643265673
1.9171964083981676        0.11720182436944612      2.973164121648999
1.9393374183747043        0.12211835788039015      2.654357225175589
1.9618870208415007        0.1272142625873888       2.370237777573361
1.9848857010025711        0.13250321897578987      2.1166001512567107
2.0083506775753546        0.13799405638060136      1.8900638130860634
2.032290738553956         0.14369393853379894      1.6877178891926896
2.056714809404468         0.14961028564305245      1.5069671052965428
2.081631929153407         0.155750850048006        1.3454971126159014
2.1070512725933055        0.1621236573139153       1.2012440016264727
2.1329821273793965        0.16873708035285584      1.072366799042611
2.159433915593838         0.17559977983422956      0.9572232199206285
2.1864161660205426        0.1827208009005335       0.85434784125041
2.2139385411756964        0.19010948681659062      0.7624329937385321
2.242010811261876         0.19777557299868367      0.680311415377822
2.2706428813690502        0.20572909994351926      0.6069410900489421
2.299844771275158         0.21398048649679846      0.541391531555289
2.329626613645412         0.22254054327215753      0.4828316985075538
2.3599986095363024        0.23142055934287245      0.43051924725221646
2.3909710786378437        0.24063221570861282      0.38379102733926135
2.422554433820796         0.25018768543099634      0.3420544872187884
2.4547591923886984        0.260099561790966        0.30478013961433703
2.4875959417267723        0.270380963718572        0.2714947421132774
2.521075358282191         0.2810454769601797       0.24177529882589935
2.5552081715905652        0.2921072584399111       0.21524365169711668
2.589985218292351         0.30357431948611835      0.19157443494287665
2.625382453268112         0.3154497661394858       0.17048004114980578
2.6613946985874315        0.32774286090484483      0.15168717613039967
2.6980304871675433        0.34046778300486197      0.13494411884466817
2.7352983422225914        0.3536392065090409       0.12002705331589596
2.7732067499847335        0.36727236114507544      0.10673690515946806
2.811764173956405         0.38138298344275484      0.09489655304956636
2.8509790253237073        0.3959873804646795       0.08434835343017842
2.89085966410274          0.4111024158928364       0.07495195305838165
2.9314143794498246        0.42674554307508966      0.0665823595209522
2.9726513756326907        0.44293482836228826      0.05912822247733337
3.0145787665180084        0.45968894384173986      0.05249032803255195
3.0572045446531146        0.47702722934860753      0.04658024442931247
3.100536591760923         0.4949696440645728       0.04131914387825978
3.144582616697701         0.5135368974379951       0.036636731563831106
3.189325390435414         0.5327395815399206       0.03247248527721958
3.2346911859883654        0.5525634873161491       0.028775859596677774
3.2806286702375487        0.5730026050434022       0.025497965594784056
3.327140660808566         0.5940745662845931       0.022590902540373253
3.374229757997856         0.6157974605452295       0.020012387382874794
3.4218983049084257        0.6381899031610478       0.017725067526393613
3.470148402764906         0.661270977232265        0.01569592911823835
3.518981831437209         0.6850603291397792       0.013895772162203498
3.5684000598749024        0.709578045901651        0.012298760849666763
3.618404264711508         0.7348448368813556       0.010882016229542043
3.668995313726892         0.7608819018683822       0.009625273499646248
3.720173685772377         0.7877110469529855       0.008510571708541656
3.7719171707995183        0.8153425617006658       0.007522386596834751
3.8241340761369127        0.8437485343887278       0.0066478780234115985
3.8767531951176872        0.872909489931354        0.0058748430544763326
3.929770807259982         0.9028421999442612       0.0051913502202673555
3.983182858078597         0.9335637078639067       0.004586913453960975
4.036984906693634         0.9650914003273342       0.0040523082898842756
4.091172144268661         0.9974429505691601       0.0035794145957959663
4.145739334150488         1.0306363966924863       0.003161078190584089
4.200680865936721         1.064690027766015        0.0027909926737714726
4.25599066714978          1.0996225061048277       0.0024635941208531686
4.311662247955524         1.135452769965672        0.0021739714798421723
4.367618595658448         1.1721537728745937       0.0019180866875438667
4.423774773595152         1.2096900737015495       0.0016922899651506827
4.4801151511137975        1.2480705126121632       0.001493029243183771
4.5366309811279955        1.287308774349035        0.0013171564852153676
4.593313168042923         1.3274186602442883       0.0011619069155759181
4.650152167726259         1.3684140327133472       0.0010248505773443521
4.7071380681254           1.4103089132109285       9.038498041637921E-4
4.7642606095481685        1.4531174501875954       7.970228710475478E-4
4.821509095657395         1.4968539155498093       7.027122355745187E-4
4.87883668918967          1.541504558817126        6.19505679737137E-4
4.936171778572175         1.5870340411760244       5.461695322012348E-4
4.993478466851607         1.6334327787549776       4.815534786694364E-4
5.050745247792123         1.6807102710396036       4.2461464280771523E-4
5.10796031778537          1.728875976927645        3.7443734854951074E-4
5.165111536769827         1.7779393536326524       3.302169653534285E-4
5.222186452102044         1.8279098193335928       2.912460318282718E-4
5.279172271345749         1.8787967766668445       2.5690210390209373E-4
5.336055886181868         1.9306095774744125       2.2663726951454194E-4
5.392781924103435         1.9833182104068134       1.999874343781464E-4
5.449292698509168         2.0368875103301414       1.765380157126942E-4
5.505572676437527         2.091320268750776        1.559037160952378E-4
5.561609021019054         2.1466218427982806       1.3774503702386996E-4
5.617388607709705         2.2027974688840515       1.2176378383584507E-4
5.672898033202204         2.2598522066529574       1.0769793338432378E-4
5.728123726199407         2.3177911037356584       9.531709593161779E-5
5.783051877124862         2.3766190597727532       8.441865985724162E-5
5.837645213569745         2.4363152295252797       7.482819723782238E-5
5.8918584325420875        2.4968476512075557       6.639206579878342E-5
5.945669883484286         2.558208713206883        5.897055182683573E-5
5.999066453614125         2.6204000470982853       5.243964722188609E-5
6.052034855134086         2.683423135597022        4.669050978597481E-5
6.10456165007726          2.7472792920059095       4.162759213011647E-5
6.156633228143052         2.8119696795846854       3.716699773030318E-5
6.208235835675666         2.877495289073421        3.323505679750752E-5
6.259336682467427         2.943832187945565        2.9768278945851823E-5
6.309900192153197         3.010950467633434        2.671068569350324E-5
6.3599101552868476        3.0788441305651815       2.4011790674199007E-5
6.40935389534152          3.1475116324127654       2.1627151626895977E-5
6.458218569688722         3.2169511864743603       1.951784692232149E-5
6.506491254432619         3.2871608140192405       1.7649793000953602E-5
6.554158980357539         3.3581384458511496       1.5993143292755812E-5
6.6012057239400646        3.4298772181072255       1.452185964235952E-5
6.647603047035851         3.502350185324775        1.3213458487541873E-5
6.693326258292461         3.575533948788871        1.2048075260616472E-5
6.738363468804525         3.6494243114299914       1.1007997642028867E-5
6.782702762224242         3.7240168832820926       1.0077767572177613E-5
6.826332173386656         3.7993070992230074       9.243896956815328E-6
6.869239721760668         3.8752902045131052       8.494621401771135E-6
6.911413386496459         3.9519612742906225       7.819681976474217E-6
6.952833581383644         4.029300901443137        7.210242952490182E-6
6.993478351436362         4.10728336577188         6.658615720028303E-6
7.033333854693845         4.185896710650588        6.157985154033276E-6
7.07238930782516          4.265134449528251        5.702381283433411E-6
7.110633888251936         4.344989790513311        5.286611364037538E-6
7.148056817647665         4.4254558503838535       4.9061564997264235E-6
7.184647365517409         4.50652560452745         4.557083905962867E-6
7.220392090310793         4.58818555692151         4.23599258862582E-6
7.255273584647425         4.670411648669637        3.939950373850403E-6
7.2892777410497205        4.753185578376505        3.6663702911600406E-6
7.322394987382048         4.836498956627772        3.412959257922632E-6
7.354615795423029         4.920343232192612        3.1777131533546165E-6
7.385930700367195         5.004709692039476        2.9588772129895116E-6
7.416330290914193         5.089589471730825        2.7549110982301286E-6
7.445804506989588         5.174971424383873        2.5644638907335346E-6
7.474339721864528         5.260832814656142        2.3863649943066657E-6
7.501923672675135         5.347152641118374        2.2195700795454387E-6
7.528548134156077         5.433921053272623        2.063127963596633E-6
7.554204826648194         5.5211275483147855       1.916191443273851E-6
7.578885737822373         5.6087620934294575       1.7780008644289025E-6
7.60258299879376          5.6968146624590785       1.647873591243145E-6
7.625288705341488         5.785274789206349        1.525194028051359E-6
7.646992446852311         5.87412087089478         1.4094189754119186E-6
7.667684481717851         5.963331168179319        1.3000533529201705E-6
7.687357978215369         6.052894645415397        1.1966319685673651E-6
7.706006206656747         6.142800099958623        1.0987304018375316E-6
7.72362255701894          6.233036166546232        1.005960634088926E-6
7.740200514796817         6.323591329998623        9.179668095317061E-7
7.755733686587775         6.414453928255619        8.344223979139703E-7
7.770214436425907         6.505603312978559        7.55034535103893E-7
7.783635618092303         6.597018211347077        6.795331362772755E-7
7.795991780057963         6.68868605888606         6.076615169251126E-7
7.807277677387616         6.780594573317497        5.391826171477588E-7
7.817488206405227         6.872731381179706        4.7387756270879945E-7
7.826618392643125         6.965084027767548        4.11543739329857E-7
7.834663414045205         7.057639984172961        3.519937829658321E-7
7.841618076248537         7.150379365238508        2.9505810110884494E-7
7.8474776575171274        7.243281824394864        2.405790682064151E-7
7.852238266848065         7.336334263257455        1.8840520676803215E-7
7.855896189748503         7.429523908289206        1.383943661820049E-7
7.85844784845869          7.522837971523196        9.041038250238343E-8
7.859889817034404         7.6162636594803965       4.430968798801963E-8
7.8602187963194305        7.709837851291451        0
