0                         0.007599848372123155     55.252976743245945
0.0010766249363870183     0.0076028535253625015    55.1976848051393
0.002151212839887905      0.007611844754374625     55.0326744927108
0.0032260085875266617     0.007626837491737714     54.759192133948766
0.00430098041923008       0.007647827017792766     54.37935179910698
0.0053760722818090795     0.007674834879872045     53.89610996430491
0.0064512491476658865     0.007707859858627943     53.31320230785027
0.0075264624267154575     0.007746920011457943     52.635095549270254
0.008601671154400265      0.007792021752353495     51.86690838915348
0.009676835035462463      0.007843176899078324     51.01433161314596
0.010751915677522294      0.007900388655343534     50.0835418710405
0.01182687364981888       0.007963673700441237     49.08110967457288
0.012901674793175957      0.008033031200399627     48.013902787992635
0.013976283185586502      0.008108472635364423     46.888994396644925
0.0150506666408838        0.008190000473958845     45.713568941827745
0.016124911387090952      0.008277629698564683     44.4946983295302
0.017199318219870557      0.00837139221082265      43.23912915769157
0.018274069430454898      0.00847132200150759      41.95358665036413
0.01934913842768635       0.008577425594581016     40.64485411999916
0.020424496028408255      0.008689721179257762     39.319473559568884
0.021500115851880202      0.00880821386393878      37.98369639168229
0.022575969133990247      0.008932922247514172     36.64343468054083
0.02365202948274336       0.009063850002095204     35.30423288835514
0.024728267067046953      0.009201017474170178     33.97123405532164
0.025804654651168865      0.009344428151202993     32.64917001189902
0.026881160502815752      0.0094941031601018       31.34234254838779
0.02795775588726585       0.009650046592678423     30.054627714530472
0.029034406595636098      0.00981227857358924      28.78947134453785
0.030111081087175206      0.00998080693663067      27.549902031822096
0.03118774492480447       0.010155647988873456     26.338538620391695
0.03226473740588276       0.010336876158431835     25.15720638169342
0.03334247202009837       0.01052459259342341      24.007322769791195
0.03442098586299006       0.010718836567357245     22.890399428413318
0.03550024104840495       0.010919637277215396     21.807706262103498
0.03658019998330717       0.011127022573719034     20.760211877123652
0.03766082358578306       0.011341020237639783     19.74860736407901
0.03874207259926678       0.01156165824914873      18.773328315457594
0.03982390683415209       0.011788963548435758     17.834579499090967
0.04090628591597962       0.0120229637076316       16.932356505014372
0.04198916886185578       0.012263684786902613     16.066469664614733
0.04307251417159873       0.012511153804599037     15.23656435435184
0.044156280103065944      0.012765395942416796     14.44214300371221
0.04524042436954866       0.013026437574719427     13.682583324018635
0.04632490430810468       0.013294304426456955     12.957157474006626
0.047410063888789         0.01356911999770614      12.264808405970378
0.04849652138895918       0.013851091321148859     11.604287986641927
0.049584505530335214      0.014140334831168729     10.974584032058155
0.050673971770992324      0.01443690173925554      10.374808101939893
0.051764875527544954      0.014740840042055336     9.804031198258105
0.0528571709700877        0.01505220073404705      9.26129203189315
0.05395081226268227       0.01537103186325017      8.745608239480955
0.055045752353009486      0.015697384032080344     8.255983009257946
0.056141944098545365      0.016031305451635797     7.791413947512154
0.0572393382452349        0.016372846102387126     7.350898680009559
0.05833788575953215       0.01672205401331381      6.933441069183228
0.05943753691284661       0.017078979161750746     6.538055119091531
0.06053824167142605       0.017443669693284338     6.1637703298617375
0.061639948784721996      0.01781617520579351      5.809634426632633
0.06274339677969828       0.018196819097528315     5.474483772782878
0.06384954204888971       0.01858602560224922      5.157169318537183
0.0649585301715233        0.018983952538246484     4.856840594850116
0.06607030825306481       0.01939069202221243      4.572726731663565
0.06718482229721229       0.019806335552460405     4.304077038405318
0.06830201658478052       0.02023097589863587      4.050161953732574
0.06942183419853519       0.020664705480309374     3.810274367642612
0.0705442164846505        0.021107617875192566     3.583730130439278
0.07166910360494272       0.02155980620427656      3.3698688603363434
0.07279643397962467       0.022021364622564224     3.168054039577321
0.07392614460091586       0.022492387418161206     2.977673319472769
0.07505817103758666       0.0229729689691976       2.7981385223512243
0.07619244713838606       0.023463204428333884     2.628885408355119
0.07732994556027063       0.02396365070931357      2.469231957526271
0.07847210790746065       0.02447511061381913      2.318493164350892
0.07961931019102077       0.024997946855558277     2.1761785882728386
0.08077148812964907       0.02553233305765086      2.041876317821572
0.08192857440350437       0.026078444839803587     1.915189620086568
0.08309049883663065       0.0266364594059194       1.795736897793702
0.08425718813542324       0.027206555928097186     1.683151512756851
0.08542856469623543       0.027788914565997896     1.5770817387468232
0.08660454816353884       0.028383717586778073     1.4771903209872264
0.08778505552150133       0.028991149176144846     1.3831542344036807
0.08897000018640647       0.029611395257643454     1.2946644304309844
0.09015929200865365       0.030244643311132937     1.2114255120836037
0.09135408879195742       0.030891766204454444     1.1330759354279054
0.09255653191856798       0.03155423388836197      1.05922859262551
0.09376750214961213       0.03223289438241013      0.989611062859271
0.09498691960141203       0.0329280889185113       0.9240222954484357
0.09621469741246044       0.033640164309912866     0.8622679895884569
0.09745074167632914       0.034369473036278166     0.8041605690880813
0.09869495118923233       0.03511637327751693      0.7495191454199137
0.09994721719050535       0.03588122894218885      0.6981694613692657
0.10120742310866443       0.036664409679337547     0.6499438196207961
0.10247544427414079       0.03746629092983743      0.6046809934998216
0.10375114767417015       0.03828725390103123      0.5622261286180039
0.10503642135881315       0.039129026682342354     0.5223698897059558
0.1063343314287777        0.03999423720266816      0.4848927822356505
0.10764587346279196       0.04088426728182323      0.4496581829957067
0.1089709373832065        0.041799807537810776     0.41656647483477366
0.11030939652465031       0.04274156529769926      0.3855201528822024
0.11166110627362286       0.04371026433980788      0.3564239472728806
0.11302590221507837       0.04470664451008732      0.32918492873246236
0.11440360257396268       0.045731464250251194     0.30371252582652525
0.11579400508558998       0.04678549939479451      0.27991864339650213
0.11719749407350175       0.047870017670744995     0.2577084749455432
0.11861810102991832       0.04898926138227516      0.2369410922093849
0.12005950172971099       0.05014749516493414      0.21750089199416225
0.12152152142402381       0.05134611079634675      0.19933460547447093
0.12300394280492188       0.0525865445308456       0.18238877239810355
0.12450650384105652       0.05387027885667148      0.16660990058636338
0.12602889462946623       0.05519884330436137      0.15194463775501743
0.12757075392779438       0.0565738153939935       0.1383399337556827
0.12913212106203914       0.05799724118975062      0.12573968670096466
0.13071816968204614       0.059476152595874084     0.11405309514524413
0.1323340214321708        0.06101814811847818      0.10320411192677609
0.1339792623176814        0.06262604016812566      0.0931609754841753
0.13565336605367848       0.06430275628235108      0.08389057183038363
0.13735568208898954       0.0660513406845099       0.07535864733433462
0.13908543043977692       0.06787496312480318      0.06752999387783765
0.1408444998093476        0.06978000746040872      0.06035781136577771
0.14263908984208254       0.07177838607848294      0.053783761501357975
0.14447263104584326       0.07388013623090654      0.04776736073594756
0.14634385323471796       0.07609083514650694      0.04228498309401928
0.14825117700794577       0.07841633396511453      0.037311108812578236
0.15019267997890523       0.08086276634117935      0.032818598040865864
0.15217384645230544       0.08344689459702007      0.028764019177217968
0.1542009212776452        0.08618897508606357      0.02510810229821386
0.15627127606210572       0.0890997267918786       0.021829732653980024
0.15838102995094186       0.09218979663008096      0.01890666170516899
0.16052998499582924       0.09547751125132728      0.016309707164791357
0.16272178129837525       0.09899107669966759      0.014006291160178604
0.16495419181865037       0.10275457374227198      0.01197136675084782
0.16721849657473495       0.10678592515724791      0.010184062203711626
0.16951193802975914       0.1111195054890344       0.008617060832804047
0.17183074420500108       0.11579763298933354      0.007244291512110246
0.1741592668400624        0.12084992420223238      0.006046085985300302
0.17648403051722913       0.1263232223532855       0.005000056114146908
0.1787872490947176        0.1322738599694366       0.004085425713634419
0.18102464878287766       0.1387078602440402       0.0032903244328863056
0.1831304170319866        0.14556487134533008      0.002607082212446821
0.18504719046365237       0.1527841896751162       0.0020236282906585853
0.18670897532943886       0.16021846895129987      0.001531910443280612
0.1880722238744905        0.1677134399528785       0.0011212098883337568
0.18913471405543988       0.17525695452604076      7.742280393537667E-4
0.18989473625663117       0.18283684777662848      4.779497811491683E-4
0.1903510829901935        0.1904409523016639       2.224401940167693E-4
0.1905030398434859        0.1980571971455874       0
