0                         0.005712573009695793     3255.109325117205
0.0014716867709827905     0.005712513225976205     3254.7854616033137
0.0029437167160140014     0.0057124852689894225    3253.813579927572
0.004417361560144568      0.005712453834642652     3252.191505080999
0.005892629748371279      0.005712390073673898     3249.9170516708405
0.007369516925619264      0.005712325956272935     3246.9880099793977
0.00884802710436288       0.005712237223955136     3243.4021487288496
0.010328156166513908      0.005712124487455109     3239.157195066846
0.011809905033778172      0.005711996176576599     3234.250858353042
0.013293272999068448      0.005711857600641042     3228.6808379892764
0.014778262680708153      0.005711704359718094     3222.444823461384
0.01626487079458371       0.005711547549526065     3215.540491337712
0.01775309983375326       0.005711384006511106     3207.9655246632706
0.019242947341752262      0.005711228291313723     3199.7176173074095
0.020734416182929528      0.005711069721783861     3190.7944750801416
0.02222750268210542       0.005710930504508553     3181.193833628486
0.0237222102287569        0.005710798616779368     3170.9134665223824
0.025218534783677107      0.005710699767534931     3159.9512036794954
0.026716478990702945      0.005710630886301301     3148.304963897481
0.02821604184900797       0.005710609115739467     3135.972757758147
0.029717224474211983      0.005710622219232082     3122.9526378008213
0.03122002321573481       0.005710700794472147     3109.242815578559
0.032724439293565506      0.005710857190307353     3094.841697837413
0.03423047389445542       0.005711095078527273     3079.7478514678296
0.03573812695253119       0.00571141859101485      3063.9599919151883
0.0372473972601844        0.005711844610814136     3047.477044956239
0.038758285010019544      0.005712381547572591     3030.2981586204974
0.04027078795966057       0.0057130500331952425    3012.4227144620495
0.041784905804970594      0.005713873587991474     2993.850533991532
0.04330064050555743       0.0057148600924168905    2974.5817594398395
0.044817993593765065      0.005715998837878397     2954.61672723862
0.046336960977489364      0.005717327304877265     2933.956139975999
0.04785754289071453       0.005718857846637898     2912.601194501517
0.049379738142610895      0.005720620445308363     2890.553569097426
0.0509035484146087        0.005722607576647112     2867.8153818998326
0.052428970005004134      0.005724873269998335     2844.3893995651206
0.053956006345243536      0.005727401601296863     2820.278809202556
0.0554846538431616        0.00573023753261596      2795.487423322024
0.05701491255563086       0.00573339586014037      2770.01977048908
0.05854678116419182       0.005736914344777003     2743.881204581315
0.06008026273302299       0.005740774222887416     2717.077566576431
0.06161535273468671       0.005745035223973227     2689.6154783291536
0.06315205100553821       0.0057497176615372144    2661.5025096339714
0.06469035645585282       0.00575485815763481      2632.747229039573
0.06623027084109746       0.005760452311830351     2603.3589132335433
0.06777179073424122       0.0057665553938479625    2573.347860784143
0.06931491649073913       0.0057731844796799995    2542.725336594013
0.07085964704075785       0.005780375668886653     2511.503546517897
0.07240598127976601       0.005788152265265588     2479.6959007659107
0.07395391705853044       0.00579656777584916      2447.316969984495
0.07550345534704384       0.005805628172596991     2414.3823908746026
0.07705459294001907       0.005815396848491539     2380.9091218582817
0.07860733113969634       0.005825880147171893     2346.91511519373
0.0801616673565302        0.005837125706537389     2312.4195511931616
0.08171760045091528       0.005849179493276502     2277.442822613017
0.08327512926448975       0.0058620677663223444    2242.00672156912
0.08483425158035789       0.005875852196356594     2206.1343221955517
0.086394967947081         0.005890534938582931     2169.8498453782754
0.08795727494565668       0.0059061950253031115    2133.1787743668956
0.08952117308694148       0.005922842171019312     2096.1477564240618
0.09108665899088728       0.005940548845823567     2058.7847367014115
0.09265373229104534       0.00595933336899307      2021.1187941915268
0.09422239046186422       0.00597925908189036      1983.1801248941001
0.09579263288273285       0.006000351267958361     1944.9999225879235
0.09736445625600898       0.006022681581669106     1906.6105906390183
0.09893786004265029       0.006046261165737653     1868.0452941684282
0.10051284200870071       0.006071160368319959     1829.337971655157
0.10208940018154679       0.006097417491409166     1790.5234955485978
0.10366753207949982       0.006125092103441356     1751.637460898962
0.1052472360439578        0.006154202006489318     1712.7159417070586
0.10682850939216088       0.006184828327953571     1673.7954477526127
0.10841135093978808       0.00621699179632734      1634.9128527531886
0.10999575767000908       0.006250760565065791     1596.1052893565618
0.11158172707580626       0.006286163802978587     1557.409937144628
0.11316925713834235       0.006323264515075073     1518.8638628641102
0.114758345386581         0.006362101874312078     1480.5040148117887
0.11634898945605868       0.006402720343443326     1442.3669168535785
0.11794118685243729       0.0064451649308725585    1404.48856995401
0.11953493561121514       0.0064894803442205745    1366.904291279419
0.12113023329801834       0.006535713042680121     1329.648720857571
0.12272707695416496       0.006583910043135726     1292.7556388873645
0.12432546297815657       0.006634105152956307     1256.25770032411
0.12592538988942126       0.0066863516767075       1220.1862836440907
0.1275268550400997        0.006740686847334182     1184.5716004048024
0.1291298566303671        0.006797148174062819     1149.4424034024146
0.13073439128719727       0.006855767286819138     1114.8259209582639
0.13234045751515466       0.006916594119250555     1080.7476990288224
0.1339502037908044        0.00697974397114889      1047.1872305064499
0.13556591047998395       0.007045361230871425     1014.1228768973474
0.1371876901052006        0.0071135032453970804    981.5781384024134
0.13881556144423227       0.007184215527499877     949.5769211725067
0.1404495447327615        0.0072575505021254       918.141419677313
0.14208965813126428       0.007333561091810349     887.2921624039822
0.14373591751769307       0.007412302419050552     857.0479933914726
0.1453883437756121        0.00749381564048334      827.425856179714
0.1470469562171047        0.007578151805284341     798.4408314629242
0.14871177518323306       0.007665348626312947     770.106141982763
0.1503828161586206        0.007755469360894399     742.4331937128129
0.15206010268987086       0.007848543825849557     715.4314504880829
0.15374365092937642       0.007944625103247678     689.1086093389337
0.1554334836669446        0.008043741352327662     663.4704687382234
0.15712961722871455       0.008145953262232549     638.5210796387743
0.1588320754351676        0.00825127744201008      614.2627472334068
0.1605408772822834        0.008359767433552028     590.6960699891943
0.16225604514224554       0.008471453690957424     567.8200462794447
0.1639775964944525        0.008586382775206987     545.6322051100612
0.16570555373938248       0.00870458771659172      524.1285752733714
0.16743993921597577       0.008826081704650234     503.30385944611413
0.16918077406648202       0.00895092084328456      483.15134503151836
0.1709280822434899        0.009079111861279963     463.66325065613444
0.172681881723652         0.00921071944169372      444.83063056197534
0.17444219924736215       0.009345736704669897     426.6436063071627
0.1762090543790047        0.009484222719935436     409.0912970058547
0.1779824733073478        0.009626174396513403     392.16209777238583
0.17976247653397806       0.009771649437037228     375.8435850978185
0.18154909088978838       0.009920639923615346     360.1228059408407
0.18334233585757254       0.010073209554964022     344.98616955137777
0.18514223949431627       0.010229343606072347     330.419719980493
0.1869488220056995        0.010389108447864077     316.4090110808794
0.18876211207330518       0.010552479661636761     302.93942461039495
0.19058213148773154       0.010719529594515678     289.9959438139072
0.19240890888140572       0.010890222088751183     277.56359181350484
0.1942424669479633        0.01106462747684147      265.6270722224762
0.19608283584982303       0.011242728447375281     254.17118153660851
0.19793003479361987       0.011424595913627801     243.1806735439164
0.19978409150162008       0.011610215499105328     232.64047429420117
0.20164503386788218       0.011799611579369396     222.5355026724289
0.20351288969749196       0.011992793135107791     212.8508639185434
0.2053876820598017        0.01218981683934733      203.57180588063622
0.2072694416952601        0.012390653592471195     194.68389963985643
0.20915819198652727       0.01259536798012487      186.1728343522614
0.21105396285008077       0.012803942443471739     178.02468400294538
0.21295677849096462       0.013016432717164331     170.22571872277751
0.21486666830687562       0.01323282790968521      162.7626081286391
0.2167836565542632        0.013453177729239157     155.62227621257372
0.21870777291162277       0.013677473167970949     148.79204939499743
0.22063904284167943       0.01390576021520956      142.25953406226344
0.22257749564515572       0.014138036262125687     136.01274892651176
0.2245231564529643        0.014374345280847623     130.0400227892543
0.22647605440613558       0.014614687153198781     124.33009240807557
0.22843621448667775       0.014859105221662724     118.8720173248686
0.23040366549950536       0.015107602271431663     113.6552591292654
0.2323784318369394        0.015360223397330123     108.66960555086503
0.23436054142685028       0.015616975259012147     103.90523773682719
0.23635001925795351       0.01587789319533162      99.35266664571101
0.23834689326148936       0.01614298909981904      95.00276883505684
0.24035118893163324       0.01641229739733926      90.84674347948183
0.24236293370097595       0.01668583381054782      86.87614221372799
0.24438215226046114       0.016963634135837923     83.0828318519183
0.24640887161830194       0.017245716057669485     79.45901237211264
0.24844311620596443       0.017532114124975996     75.99718675558022
0.2504849121703105        0.01782285162502108      72.69016903627497
0.2525342838131059        0.01811795999345367      69.53106586004695
0.2545912566269008        0.018417466797869805     66.51327199961408
0.25665585558695575       0.018721397799244147     63.63045885408602
0.25872810557653253       0.019029781547954146     60.87656435435168
0.26080803070958825       0.019342650340672583     58.24578422705672
0.26289565540139087       0.01966003429371935      55.73256614271062
0.2649954582798738        0.019982652368112697     53.32661888168809
0.2671134780779898        0.020311495485996013     51.017185997619535
0.2692513019964009        0.02064689295206882      48.79941174445994
0.2714091071593311        0.020988960673610765     46.67017108093532
0.2735870720315906        0.0213378147872334       44.62641373361937
0.2757853759636208        0.021693575497053343     42.66516321307198
0.27800419949972377       0.022056367496629422     40.78351674443725
0.2802437246293479        0.02242631186259134      38.97864900547144
0.28250413405701885       0.02280353813184527      37.247806967923765
0.2847856127749974        0.023188167175729663     35.58831517480299
0.28708834518286136       0.023580341602429923     33.99756646403118
0.2894125189282703        0.023980184061340996     32.4730341205219
0.2917583209498309        0.02438784029892972      31.012257972253988
0.2941259413345823        0.02480343850853928      29.61285578583024
0.29651556939952733       0.02522712930493271      28.27251106549031
0.2989273977101706        0.02565904699811385      26.988982623553124
0.30136161825963864       0.02609934497127104      25.760094414122854
0.3038184259287699        0.02654816499942106      24.583742031300492
0.3062980150924617        0.027005666041355954     23.457885009386924
0.3088005835310547        0.02747199340947276      22.380552070571422
0.3113263278715234        0.027947311705352237     21.34983355777367
0.3138754485987698        0.02843177108260525      20.363885952046594
0.31644814473486327       0.028925544922735243     19.420924438923613
0.31904461877768114       0.02942879196796445      18.519228122799824
0.3216650734929047        0.02994168072885415      17.65713399375923
0.32430971340320197       0.03046438117442308      16.833037035607894
0.32697874330409354       0.030997072082973382     16.045388260311277
0.32967237017604095       0.03153992899126628      15.292694584608608
0.33239080202472654       0.032093132697350174     14.573516217677678
0.3351342481032946        0.03265686730054808      13.886465671181314
0.3379029185814169        0.03323132172063869      13.230206181906782
0.34069702524238515       0.03381668611741011      12.603450608331967
0.3435167810113251        0.03441315503735886      12.004959682072199
0.3463623996990874        0.03502092821166889      11.43354063054702
0.3492340965997528        0.03564020732665629      10.888046047382002
0.3521320881290935        0.03627119867958387      10.367372252872649
0.35505659225126135       0.036914109855259634     9.87045830499942
0.3580078273745535        0.0375691557595807       9.396284113694938
0.36098601431687544       0.03823654884633038      8.94386981343217
0.36399137277352456       0.03891651831193923      8.512273191637293
0.36702412569686904       0.03960928531613776      8.100590267031384
0.3700844962579202        0.040315079828901514     7.707952671251328
0.3731727091397754        0.04103413388092306      7.3335269726855765
0.37628898886392115       0.04176669033129199      6.976512985755653
0.3794335627047982        0.042512987494199954     6.636143516081589
0.38260665755827206       0.04327327514916513      6.311682253206844
0.38580850226407365       0.04404780303813205      6.00242332357504
0.3890393257698392        0.044836829891826024     5.707689753102089
0.392299358856507         0.045640614762907726     5.426832844120476
0.3956029109448382        0.04646294460250531      5.15811817236101
0.3989658764072588        0.04730814507039583      4.899969520626622
0.4023900210250882        0.04817710521237139      4.6520751866666865
0.40587640200295055       0.04907055287061089      4.4141817811688675
0.40942609152462844       0.0499892415246788       4.1860337836133175
0.4130401770620913        0.05093395033896083      3.9673741036607972
0.4167197619447594        0.05190548257336485      3.757944672550054
0.4204659647760978        0.05290466934900811      3.5574868053609765
0.42427992032662665       0.05393236675280995      3.3657417948400026
0.42816277825761756       0.054989462369329646     3.1824511986531587
0.43211570453628234       0.05607687027440481      3.007357454405306
0.43613988029691264       0.05719553684308383      2.840204161718213
0.44023650264662273       0.058346438318834175     2.680736580660711
0.44440678388737126       0.05953058487892832      2.5287019393317443
0.4486519522485332        0.060749018651142975     2.3838498723956043
0.4529732509866144        0.062002818027274004     2.2459326928341015
0.45737193910908724       0.06329309576386899      2.114705785100997
0.46184929047115875       0.06462100316625868      1.989927844968663
0.46640659438678606       0.0659877285546682       1.8713612196442022
0.47104515456944407       0.06739450121518185      1.7587721218000005
0.47576628754788663       0.06884258945103186      1.651930963311116
0.48057132542416137       0.07033330579756479      1.5506124369213632
0.48546161572638985       0.07186800533776695      1.4545957879958733
0.49043851940213656       0.0734480899721489       1.3636649680403377
0.4955034114046006        0.07507500700462935      1.2776088349719912
0.5006576795108877        0.07675025335026944      1.1962212555948681
0.505902724588545         0.0784753750067082       1.119301254512222
0.5112399595966584        0.08025197049596118      1.0466530926749098
0.5166708096153239        0.08208169099690986      0.9780863695551023
0.5222147763981876        0.08397244249094643      0.9132126129155873
0.5279047634718281        0.08593714912824434      0.851569738689507
0.5337567171723623        0.08798339025852264      0.7929579090732078
0.5397749023550665        0.09011493675786214      0.737314958004308
0.5459636676871747        0.09233574880183916      0.6845737723621925
0.552327445288596         0.0946499860211299       0.6346627027835893
0.5588707496971954        0.09706201760043306      0.587505989160209
0.5655981761946547        0.09957643392207616      0.5430241993624717
0.5725143992118847        0.10219805740896139      0.5011346762592005
0.5796241697629493        0.10493195573374224      0.46175198692348046
0.5869323134137937        0.107783452811565        0.42478837775288714
0.594443726309049         0.11075814459797283      0.3901542166141639
0.6021633722877425        0.113861911031474        0.3577584403050534
0.6100962781565427        0.11710093230888642      0.3275089855116647
0.6182475290893352        0.12048170363322422      0.29931320880015533
0.6266222627563511        0.12401105254085626      0.27307829318158705
0.6352256638454277        0.12769615394522973      0.24871163838332935
0.6440745349618656        0.13154963556706334      0.226093128679228
0.6532184936159542        0.13559950219996628      0.20504324843751867
0.6626991602950189        0.1398719336397978       0.1854376520761226
0.6725272956389449        0.14438054728885122      0.16723121234576416
0.6827138217640886        0.14913986027031229      0.1503749919862693
0.6932698028307182        0.15416534977775725      0.13481674051881573
0.7042064197894523        0.15947351974267554      0.12050140979968377
0.7155349318769397        0.16508196292915284      0.10737168821753573
0.7272666472163305        0.17100943874354935      0.09536851227577005
0.7394128983991515        0.1772759554809511       0.08443157101338669
0.7519849836518678        0.1839028481070852       0.07449982571552426
0.7650096121622756        0.19092130974379085      0.06550199404121178
0.7785413220687025        0.19838042108736487      0.05735650890503218
0.7926223435968027        0.20632634965038685      0.05000049086307334
0.8072691665452391        0.2147941112355399       0.04338821599165878
0.8224979741822818        0.22382137552979353      0.037472778081831346
0.8383244995655211        0.23344866325969005      0.03220662431553058
0.8547638596334444        0.24371955265412498      0.027542066922468827
0.87183036221971          0.25468090218940487      0.023431765176314866
0.8895577064361717        0.266396773497335        0.019825360181948134
0.9079824447187539        0.27893951542604895      0.016675503113163324
0.9271197580022794        0.29237369380393585      0.01394101130453044
0.9469809840817268        0.30676759558554323      0.011582216140373046
0.9675750140070843        0.3221947632815703       0.009560904289738846
0.988905633101865         0.3387326373916732       0.007840772671695523
1.0109694176079078        0.35646135471116536      0.006387613641144648
1.0337606073469898        0.37546817641727215      0.0051690778808070135
1.0572719736718665        0.3958494363767592       0.004154938767958454
1.081489990381035         0.417707736608599        0.003317478032500412
1.106363515864394         0.4411229273451702       0.0026322290722360408
1.1318324764389114        0.4661754489084085       0.002076587205402887
1.1578595456283376        0.4929796270736448       0.0016295398676219092
1.1843798489358013        0.5216362669054436       0.001272903920017654
1.2112882726464913        0.5522140939537563       9.910029609390093E-4
1.2384863243361077        0.5847983603807907       7.699238070909324E-4
1.2658802866136023        0.619493372129341        5.976702575829432E-4
1.2933226762504182        0.6563475244655048       4.6437324003789865E-4
1.3206671663526555        0.6954162312537567       3.616922008316779E-4
1.3477730191178396        0.7367720853019059       2.8273821050595483E-4
1.3744578443621545        0.7804321127897931       2.220461132630141E-4
1.4005528169085186        0.8264378721307193       1.752226344738299E-4
1.425864712702411         0.8747923622699795       1.3887702386035177E-4
1.4501878316928423        0.9254700416830358       1.1041680628524237E-4
1.473329954304458         0.9784674725805459       8.78723604024033E-5
1.495079545244486         1.03373182646429         6.9801448834827E-5
1.5152193409227477        1.0911745038774896       5.5149413529826305E-5
1.53350716238654          1.1505832531747708       4.3161491409050424E-5
1.5497236205259912        1.2117168877897406       3.3272290778059226E-5
1.5636070619254165        1.2739622282295349       2.5093723710628502E-5
1.5749902247685457        1.3367140084781188       1.830437963085377E-5
1.58385477694198          1.3998711078833448       1.2601322821229612E-5
1.590186518371105         1.4633316243171237       7.757784339861452E-6
1.593975458778104         1.526993645089788        3.6015839674492196E-6
1.5952157762195964        1.5907560764130826       0
