0                         0.006033130454122874     190.58808733648073
0.0011367218775150919     0.006035023089803743     190.43287144424036
0.002273430953401548      0.00604069980756551      189.9682438510075
0.003410571410844266      0.006050180455759966     189.19685403301213
0.004548136161162762      0.006063453071553392     188.123332649546
0.005686087644427538      0.006080545578777613     186.75426954434874
0.006824411784853373      0.006101455139825745     185.0980837181179
0.007963079490104923      0.006126200968881255     183.16495521216976
0.0091020676756255        0.006154796849513886     180.966672774635
0.010241355070508103      0.006187249892203989     178.5164919642564
0.01138091709606669       0.0062235828749296895    175.8289768303318
0.012520734904440771      0.006263797824564881     172.9198117537537
0.013660783883493371      0.006307927613872724     169.80562760266
0.014801046173990839      0.006355967982283077     166.50380292240433
0.015941498240489377      0.006407956640146895     163.0322757585193
0.017082122698806036      0.006463889558730858     159.40935429998902
0.01822289912899173       0.006523799806300092     155.65352207883222
0.019363811576063882      0.006587677503860925     151.7832594909181
0.02050484117840397       0.0066555652822819856    147.81685730864908
0.021645973129160133      0.006727461897329133     143.77230669786533
0.022787192099879745      0.006803386668128122     139.66710811928476
0.023928482375308667      0.00688333722460033      135.51817381804094
0.02506983189296877       0.0069673350377511805    131.34167321511185
0.026211228753874615      0.007055391290419275     127.15298085122232
0.027352922922342697      0.0071475316511004135    122.9656356982231
0.028495445983273977      0.007243819358204208     118.7912142666468
0.02963907207676248       0.0073442910227141224    114.64133149539745
0.030783792341521767      0.0074489697032549635    110.52767444456862
0.03192959988412823       0.007557870446885993     106.4609564709837
0.03307648462404365       0.007671014100009194     102.45090988003649
0.034224441740405405      0.007788405268766625     98.50627661946008
0.03537346520789146       0.00791007239056923      94.63480177535165
0.03652354954081594       0.008036023697003849     90.84330481107264
0.037674686487911724      0.008166286672953825     87.13767214845757
0.03882687340793223       0.008300856255274392     83.52292516128493
0.039980101272366286      0.008439770338225289     80.00321645257195
0.041134366098642794      0.008583025112865192     76.58194006382422
0.04228965931056405       0.008730652221301862     73.26171805387135
0.043445975774489116      0.008882653351304361     70.04450871959162
0.04460330561070187       0.009039058991589669     66.93161257450755
0.045761642621735404      0.009199871513106911     63.92376964886404
0.04692097576185491       0.009365120126127934     61.021170527502115
0.048081297118631024      0.009534810006610092     58.22354659357462
0.04924259354958028       0.00970896900095067      55.53018743605885
0.05040485618894782       0.009887603792277348     52.94001523560181
0.051568070620552714      0.010070741627086542     50.45160777653214
0.052732226106669465      0.010258391703483636     48.06326273357761
0.05389768003941995       0.010450638799276697     45.7723049192347
0.05506524302831737       0.010647641733497052     43.575143905817974
0.05623535337222921       0.010849513275997256     41.468922082677594
0.057408000190135346      0.011056287839808571     39.4515216864559
0.058583170972072884      0.01126800288728953      37.52068582800863
0.059760852818350696      0.01148469614527096      35.67404534210849
0.06094103212800414       0.011706403462038788     33.90914436734577
0.06212369511229517       0.011933162177743926     32.223458177631436
0.06330882728134592       0.012165006965575648     30.61441719885284
0.06449641364812983       0.012401978104471214     29.07941804901234
0.0656864390991838        0.012644107776221375     27.615849542837196
0.06687888751529995       0.012891437280633845     26.221094550091664
0.06807374325067543       0.01314399837311658      24.8925549387652
0.06927098931613287       0.01340183239910108      23.627650591885196
0.07047060943372632       0.01366497132837282      22.423840221731613
0.07167258583362696       0.013933456411192344     21.278619058205397
0.07287690171879684       0.014207319487413014     20.189535735624762
0.07408353860941312       0.014486601901419137     19.15418866385447
0.0752924791462826        0.014771335740351249     18.170239919150582
0.07650370423736318       0.015061561936419865     17.23541082962605
0.07771719588235027       0.015357313342433117     16.347492521165464
0.07893293450639524       0.015658630181444196     15.504341753288848
0.08015154772681142       0.015965710548470947     14.703474775738425
0.08137438095705439       0.016278954763307867     13.942128472047106
0.08260214112156146       0.016598613165881248     13.218149249656427
0.0838348202657547        0.01692476403759719      12.529910973731823
0.08507241101598705       0.017257480663817857     11.875838527510886
0.08631490432983831       0.017596841976941658     11.254405166614372
0.087562291429602         0.017942923611010426     10.664135857671472
0.0888145621375582        0.01829580528966194      10.10360530072248
0.09007170647481504       0.018655563800935724     9.57143987184433
0.09133371299010111       0.01902228010969379      9.066315435500172
0.09260057035310276       0.019396032669629727     8.586958671019168
0.09387226579732945       0.019776903718806558     8.13214486905027
0.09514878661646241       0.020164973286231954     7.700698602794966
0.09643011817759051       0.020560324555920016     7.291491725257406
0.09771624558341202       0.020963039044313864     6.90344329455431
0.09900715331359983       0.02137320117462797      6.535517333255913
0.10030282559232379       0.02179089415183423      6.186722682311982
0.10160324535407528       0.022216203585712517     5.856111078328051
0.10290839511711342       0.022649214391471353     5.542776454317363
0.10421825621453439       0.023090013361097735     5.245853180945423
0.10553332600636155       0.023538864397840323     4.964407722881157
0.10685586281206057       0.02399665754604931      4.697222562365712
0.10818764811890492       0.024464158783516585     4.443303859540162
0.10952870016626688       0.02494154097687135      4.202066289460551
0.11087903608544197       0.02542897837591113      3.972945214756583
0.11223867104727202       0.025926649148193433     3.755396058401974
0.11360761901413735       0.026434732975221722     3.5488942727805677
0.11498589190087813       0.026953413405777626     3.352934699019773
0.1163735002274042        0.02748287580983933      3.167031415434291
0.11777045244252578       0.028023309177615002     2.9907171299874484
0.11917675541805677       0.02857490458622685      2.8235429106225727
0.12059241386568326       0.029137856675923928     2.6650775944607474
0.12201743074157087       0.029712362400122826     2.5149074483046343
0.12345180677176426       0.030298622157850074     2.372635598878149
0.12489554074780768       0.030896838863783527     2.237881636289772
0.12634862916743733       0.03150721874569361      2.110281068415044
0.12781106644823945       0.0321299706386726       1.9894848890724066
0.12928284450868238       0.03276530690067939      1.8751590277183148
0.13076541718704374       0.03341408759915901      1.7668802612393664
0.13226253690837125       0.034078239568459436     1.6641111600032872
0.1337765609700194        0.034759155310411315     1.5664734809503558
0.13530758413735067       0.035457255626930646     1.4737638655071317
0.13685569726233474       0.036172971225913605     1.3857838456139064
0.1384209869813644        0.03690674314138083      1.3023399119275931
0.1400035355097956        0.03765902282277489      1.2232435845900922
0.14160342033702034       0.03843027244044613      1.148311459198769
0.14322071395665184       0.039220965026460254     1.0773652457113623
0.14485548211892912       0.04003158403494654      1.010231844951233
0.1465077854348148        0.040862624404013295     0.9467432708723441
0.14817767931311504       0.04171459296000942      0.8867366442282165
0.14986521270150563       0.04258800824496756      0.830054214131334
0.15157042774500135       0.04348340069364483      0.7765433327422844
0.1532933594323422        0.0444013128009326       0.7260564190208586
0.15503676187092721       0.045343784072087084     0.6783788984702263
0.15680674864461733       0.046314815908342764     0.6332377042864266
0.15860684844503956       0.047317182273616795     0.590463099310458
0.16043734441113874       0.04835195724838094      0.5499764150318327
0.16229850701299384       0.049420251629437584     0.5116987176182136
0.1641905928221647        0.05052321407925545      0.4755510082062099
0.1661138431338912        0.05166203232114443      0.44145441613015046
0.168068482586016         0.05283793422467064      0.409330388084646
0.17005471758207527       0.0540521890959429       0.3791008650892414
0.17207273474278795       0.05530610878843585      0.3506884552568003
0.17412269913817227       0.05660104904071731      0.32401659350906026
0.17620475255188434       0.057938410615329956     0.29900969592763627
0.17832356499488844       0.059322640922340644     0.27554490192130177
0.1804884555052231        0.060761579897208005     0.2534702958866057
0.18270444706457012       0.06226065746706483      0.23270147286486667
0.18497215574662074       0.06382259624657785      0.21320205365227438
0.1872921506544164        0.06545024493591681      0.1949335540352892
0.1896649470179936        0.06714658277318164      0.1778556239585756
0.19209099638420613       0.06891472312972498      0.16192629612698614
0.194570686065166         0.07075792347949152      0.14710218187397314
0.19710432742102418       0.07267958898859687      0.13333873809687607
0.19969533268188686       0.07468577001539407      0.12057558468362861
0.20235667260669074       0.07679060852850093      0.10871653762338052
0.20509870513546416       0.07900729450925333      0.09769537142284675
0.20792236699160851       0.08134227755986483      0.08749045946645986
0.21082841535347036       0.08380238610614887      0.07807708091045586
0.21381739922063756       0.08639484771748393      0.06942768485380606
0.21688962855257066       0.08912730874314909      0.061512187313260414
0.22004809742876658       0.09201059204939072      0.054291924438082784
0.22330906119448593       0.09506919386485017      0.04770359803566937
0.22668646280280755       0.09832804485841462      0.041700468153275896
0.23018066880455856       0.10180127603752331      0.03626346444686672
0.23379139613576622       0.10550401063618318      0.031369888959997975
0.23751761267520713       0.10945243384366542      0.026993786470353665
0.24137190442314324       0.11368003485144598      0.02309280366590993
0.24537119383200928       0.11823016390739347      0.019625892680180328
0.249517052279885         0.1231344363878569       0.016568060572933557
0.25380490402104455       0.12842201051705526      0.013895228021525468
0.2582391226119313        0.13413906133040915      0.01157483365554985
0.2628304798169189        0.14034967429038628      0.0095718932623538
0.2675755194082902        0.14711096169817875      0.007858200872533565
0.2724621381824895        0.1544802943096066       0.006406198180039077
0.27748626528085985       0.1625436731319702       0.005184225679048583
0.2826320212927097        0.17139180791478528      0.004163324646237995
0.287860508466391         0.18110209356494603      0.003317599056244142
0.29312122154729314       0.1917585975638905       0.0026211153200818237
0.2982915339692206        0.20331528364913112      0.002054957112549439
0.3031256504154272        0.21538067776339015      0.001608120034639998
0.3074718964957743        0.22763028751761125      0.0012588683797930178
0.3113232669603729        0.24004434989915352      9.807549706975795E-4
0.3146735568825839        0.2526028237412898       7.556063955690119E-4
0.31751743689214407       0.26528573016311524      5.706763534003326E-4
0.3198503210451673        0.27807269392115497      4.16811596390975E-4
0.32166841883563413       0.2909430006585203       2.872831550779407E-4
0.32296878665225826       0.30387576023124746      1.7704924137941077E-4
0.323749346031056         0.31685007672399246      8.227514560336143E-5
0.32400886890194364       0.3298452195044236       0
