0                         0.030818235226695002     9553.038192391628
0.10207604956779599       0.03081439999298572      9551.19707915217
0.20413155313066345       0.03080849430487891      9545.674445593217
0.3061914542440689        0.030804268487944493     9536.461870521161
0.40826083603521274       0.03079251131593885      9523.553149966014
0.510336017510718         0.030781905822553603     9506.934477314991
0.6124190426666416        0.03076277805906496      9486.587568004636
0.7145070411191088        0.030738632488882627     9462.479565912792
0.8166000705302673        0.03070799057382242      9434.574634499022
0.918696458693843         0.030674262625871244     9402.829697129431
1.0207964557952747        0.03062957331273936      9367.192523247746
1.1228966894199832        0.030583734933777668     9327.60033674949
1.2249979163119902        0.030525438107570305     9283.981863849865
1.3270963033856382        0.0304670589461164       9236.256478164807
1.4291920250126593        0.030399148879151214     9184.337508533863
1.5312824769454214        0.030329956821854333     9128.13998745228
1.633366997563051         0.030248996724555458     9067.551635580277
1.7354423124456497        0.030167649938429894     9002.459854426728
1.8375073570132796        0.03008169769183039      8932.745829303405
1.9395614778756747        0.02999611286159888      8858.316126630792
2.041606585415128         0.02989699172902636      8779.014943741608
2.143641205208413         0.02978909332413036      8694.66969658518
2.2456630270772653        0.029679715427928716     8605.090738515728
2.347670175915373         0.029567282220568404     8510.101323302968
2.449661115993531         0.029452689467243758     8409.563435262717
2.5516335513987642        0.02932247164679291      8303.225630734934
2.6535832339690653        0.029178787997285977     8190.807304070708
2.755507113754636         0.02903334976184181      8071.99073684483
2.8574038862635347        0.02887634409686835      7946.474982925515
2.959270444022702         0.028711641270509517     7813.877802614071
3.061104771266767         0.028521468459920696     7673.722422167202
3.1629033122994756        0.028320782147466014     7525.411667426226
3.264664148209719         0.028087078162501798     7368.2941194635
3.3663834134205577        0.027841437083150237     7201.445253855911
3.4680590501992925        0.027558725034397276     7023.941367292686
3.5696879304818006        0.027256926424080865     6834.584231070006
3.6712663032088444        0.026893895181268904     6631.723740174882
3.7727880184376836        0.02647613565246083      6412.854963278408
3.874246140350747         0.026002061249629026     6175.230075113192
3.9756321923093947        0.025458400785212592     5914.919754742774
4.076939457737977         0.024823658749509737     5627.09113167252
4.178164719432229         0.024098448681245978     5304.095306967773
4.279302851891437         0.02327763828542011      4936.86997851142
4.380350507042901         0.022368539323654894     4511.9736161786905
4.481301908846323         0.021418158930302772     4014.185725248019
4.582158294719034         0.020507278183363183     3426.7840366013306
4.6829153983195315        0.01986814283808471      2745.922784370194
4.783581351640006         0.01985583117460792      2005.5634013382462
4.884148682940392         0.021050243782588296     1303.2599686312421
4.984606801757094         0.023995292262367483     758.4162880831867
5.084922761774648         0.02902293459771917      413.3548426655959
5.185078392887331         0.03605836534695229      223.33413501766876
5.285059260758069         0.04493217589600525      124.01911180304593
5.384870201186376         0.05538595013313095      71.90649237548234
5.484509233997211         0.06727248786508129      43.62454646255518
5.583982538286185         0.08042725463192589      27.622621552277124
5.683293429958418         0.09473543045804289      18.16991964896637
5.782443463738687         0.11010974669967306      12.355723839894626
5.881434593643949         0.1264762439500502       8.64782390171062
5.980267329524688         0.14378575662683227      6.205975113490713
6.078945359687961         0.16197917567455708      4.552000508898996
6.177469238524529         0.1810205485680205       3.4032693116771138
6.275840953088345         0.2008690433500925       2.5876566338356826
6.374060740398683         0.22149661114384556      1.9970557557480026
6.472129818756003         0.2428716681011331       1.5618484269119732
6.570047803977846         0.2649725069156924       1.236064886575034
6.667814181570192         0.287777800521482        0.9887290960241542
6.765426875356329         0.31127230833163794      0.7985425699267537
6.862884055420767         0.33543965659801034      0.6506065195687402
6.960183682587815         0.36026520450808874      0.5343217028402334
7.057324264534162         0.3857342229990808       0.4420364108824463
7.154304295904774         0.41183351393906525      0.368150348917471
7.251122605297165         0.4385500950841591       0.30851419228961335
7.347777538516665         0.4658736944235068       0.2600179641678478
7.444267864564062         0.49379343900918365      0.2203068744310416
7.540592231299911         0.5222992062746811       0.18757976270679316
7.636748908719512         0.5513819087885146       0.16044648687785992
7.732736093536728         0.5810337026564337       0.1378249432940932
7.828552449452136         0.611246615758964        0.11886628970241628
7.924196513809795         0.6420135028231244       0.10289958582054053
8.019666965849956         0.6733272198612773       0.08939088118741279
8.114962392715737         0.7051812532347531       0.07791240211082667
8.210081383590897         0.7375694353454899       0.06811934876118925
8.305022441702233         0.7704861207680409       0.059732183499882505
8.399784103100492         0.803925845829244        0.052523052312189025
8.494364907761824         0.8378833801175141       0.04630525852231665
8.58876342226848          0.8723536552111          0.04092507803251206
8.68297811615257          0.9073320767832074       0.036255335917515945
8.77700746561231          0.9428142162404091       0.03219037070040877
8.87084997045669          0.9787957547020654       0.02864202538724141
8.964504117733393         1.015272581693546        0.025536450010386867
9.057968380263029         1.0522407700769283       0.022811545609499027
9.151241292720709         1.0896963913019542       0.020414907329892373
9.244321235028627         1.1276360263591814       0.01830214943164006
9.337206505927576         1.1660562343624252       0.016435565320094037
9.429895449179904         1.2049534571545377       0.014783019592660714
9.52238644726214          1.2443244901577835       0.013317032932550758
9.614677923594938         1.2841662421449236       0.012014044780560278
9.706768286790696         1.3244757567971017       0.010853797790246929
9.798655976017628         1.3652500879734881       0.009818829729284885
9.890339445157132         1.4064863540437988       0.008894047934772376
9.981817199885166         1.4481816397944034       0.008066376486095308
10.073087700991115        1.4903332140324994       0.0073244579516701875
10.164149403967947        1.53293843122738         0.0066584059868193286
10.255000652628683        1.5759948406544657       0.00605959547950286
10.3456398251788          1.6194999238324603       0.005520487192557595
10.436065341226506        1.663451284882782        0.005034476161588322
10.526275653014089        1.7078465122011441       0.004595765379825523
10.616269197253153        1.7526832735667657       0.004199256784366569
10.706044367558984        1.797959361351688        0.0038404586476339544
10.795599621905701        1.8436724821241002       0.003515407181880294
10.884933397262516        1.8898204272011396       0.003220597807566504
10.974044088906693        1.9364010855306242       0.0029529268347091493
11.062930048651001        1.983412291883006        0.00270964169695751
11.151589571197071        2.0308520367590677       0.0024882967517567056
11.240021069828751        2.0787182883581483       0.002286716205365443
11.32822296626393         2.12700903306833         0.0021029614446406927
11.416193670411916        2.175722306128966        0.0019353026680747477
11.503931611663068        2.224856136766665        0.0017821943818743815
11.591435199256676        2.2744086205668066       0.0016422537799353613
11.678702857730507        2.324377849080549        0.0015142421528678864
11.765732980368648        2.374761994460569        0.0013970483379363889
11.85252401342867         2.425559161588852        0.0012896745890968887
11.939074370322995        2.4767675367038415       0.0011912237211986559
12.025382440633278        2.5283853676424872       0.0011008880871697683
12.111446650566524        2.5804108609157326       0.0010179399542854985
12.197265419087838        2.6328422582976216       9.417227846391488E-4
12.28283718141674         2.6856777958508906       8.716436852381544E-4
12.368160339922271        2.738915780962123        8.071666187541331E-4
12.45323330590346         2.792554526531614        7.478065267098458E-4
12.538054544627121        2.846592278702601        6.931241068542978E-4
12.622622433263272        2.9010273989349815       6.427209754778637E-4
12.706935401899266        2.955858137795401        5.962356912835293E-4
12.790991841484955        3.0110828646628773       5.533398660632244E-4
12.874790243488073        3.066699860265986        5.137350193366391E-4
12.958329023046804        3.122707538776397        4.7714948746499183E-4
13.041606676941951        3.1791042083897953       4.43335948193773E-4
13.124621623122565        3.235888311718167        4.1206892620945367E-4
13.207372368968954        3.293058175131405        3.8314282817092816E-4
13.289857354739967        3.3506122401434233       3.56369933253393E-4
13.37207509143836         3.4085488592300006       3.315788023353364E-4
13.454023974692598        3.4668664337217616       3.0861269044493754E-4
13.535702484090653        3.5255633130992603       2.8732822383698524E-4
13.617109084726568        3.584637949136574        2.675941127788711E-4
13.698242310403792        3.6440887057484215       2.492901163307965E-4
13.7791006254831          3.703914047461871        2.3230597839142786E-4
13.859682519651603        3.764112408513305        2.165405748777543E-4
13.939986482118227        3.8246822294290506       2.019010867734389E-4
14.020011035436596        3.8856219118309627       1.8830227649613458E-4
14.099754659827816        3.94692991891454         1.7566579621630177E-4
14.17921586057304         4.0086046462132705       1.639196187259678E-4
14.25839310602778         4.070644535352562        1.5299746361929504E-4
14.337284926356524        4.133047993528143        1.428383224204303E-4
14.415889821869893        4.195813478628864        1.3338599124626714E-4
14.494206306958343        4.25893943557421         1.2458867729870567E-4
14.572232897074183        4.322424313468396        1.1639862439618846E-4
14.649968132926533        4.386266535526857        1.0877178054682477E-4
14.72741052703456         4.450464565317209        1.0166748014024465E-4
14.804558631428065        4.515016823592387        9.5048177725706E-5
14.88141097134826         4.579921769103922        8.887918067620477E-5
14.957966099354902        4.6451778333971045       8.312842642265625E-5
15.03422255365186         4.7107834711193455       7.776626326297639E-5
15.110178901192299        4.776737108606627        7.276526303687518E-5
15.185833692398198        4.843037197261269        6.810003741930817E-5
15.261185510031124        4.90968215777441         6.37470822391535E-5
15.33623291602136         4.976670440748791        5.968462263643433E-5
15.41097449504061         5.044000476599894        5.5892482630141025E-5
15.485408815187778        5.1116707210587675       5.235195637773288E-5
15.559534469378088        5.179679601746358        4.9045698900545526E-5
15.633350030927476        5.248025553798594        4.5957617915878195E-5
15.706854096096421        5.316706999052433        4.307277988973509E-5
15.78004527452524         5.3857223730717205       4.0377319998765214E-5
15.85292217265446         5.455070120713362        3.785836135840785E-5
15.925483417266822        5.524748672442008        3.550394214835879E-5
15.997727628349175        5.594756472958744        3.330294521328898E-5
16.069653449107058        5.665091948990501        3.124503698590406E-5
16.141259514429468        5.735753543222385        2.932060741758222E-5
16.212544489153963        5.806739675008557        2.7520718657289403E-5
16.283506985169097        5.878048750560125        2.5837054107896396E-5
16.35414563141144         5.949679132571735        2.4261874798504096E-5
16.42445908326679         6.021629259449275        2.278797351012627E-5
16.494446026176693        6.09389754142278         2.1408639856754026E-5
16.564105130882133        6.166482401796029        2.011762267813101E-5
16.633435092342292        6.239382240771739        1.890909850633543E-5
16.702434578314943        6.31259548470921         1.7777639220537355E-5
16.77110228401135         6.386120533227496        1.6718185820446742E-5
16.839436897972185        6.45995579257104         1.57260211045995E-5
16.907437127197635        6.534099642985318        1.4796746490079371E-5
16.97510165167137         6.608550482782024        1.3926258328475981E-5
17.042429192413326        6.6833066837617086       1.3110728720999725E-5
17.10941845287661         6.758366640959812        1.234658490984174E-5
17.17606816758804         6.83372872275502         1.1630492831741905E-5
17.242377047697993        6.90939131875719         1.0959339428209077E-5
17.30834383993888         6.9853527884741995       1.0330218639447148E-5
17.373967266693686        7.061611515785686        9.74041599575702E-6
17.43924607895149         7.138165859316951        9.18739656552583E-6
17.504179016404116        7.215014189844433        8.668791972803594E-6
17.568764843550227        7.292154858686581        8.182389688162577E-6
17.63300232303531         7.369586222646159        7.726122027277992E-6
17.69689022218112         7.447306633561512        7.298056545626609E-6
17.76042731979889         7.525314439670715        6.896386965620869E-6
17.823612392473088        7.603607990850443        6.519424607205595E-6
17.88644423817222         7.682185624022336        6.165590768615931E-6
17.948921649887104        7.7610456824721625       5.833409110147349E-6
18.01104343879225         7.840186497638891        5.521499103591975E-6
18.07280841766054         7.919606403453242        5.228569502065507E-6
18.134215392531328        7.999303731780563        4.953412451289831E-6
18.195263195913203        8.07927679740197         4.694898215019011E-6
18.25595065348442         8.159523934476328        4.451969686197608E-6
18.316276622320032        8.240043457513398        4.223637998810551E-6
18.37623994014465         8.320833698211297        4.008977679558627E-6
18.435839479638034        8.401892967920814        3.807122895657631E-6
18.495074096725798        8.483219593184385        3.6172632220960136E-6
18.553942678532227        8.564811883137205        3.4386403462822526E-6
18.612444094894478        8.646668164844549        3.2705443881670933E-6
18.670577239647656        8.728786715696463        3.1123111555398486E-6
18.728340945558394        8.811165786624294        2.963318845496207E-6
18.785734127165707        8.893803668428404        2.822985449783836E-6
18.842755685152728        8.976698669782023        2.690766041750939E-6
18.8994045567372          9.059849070505903        2.5661506645633644E-6
18.95567965120958         9.143253169006886        2.448661786371395E-6
19.011579898351858        9.226909249137922        2.3378524373379312E-6
19.067104225519405        9.310815593122808        2.2333041603969486E-6
19.122251583577018        9.39497046806943         2.134625272537059E-6
19.177020912584144        9.47937214480755         2.0414490368469415E-6
19.231411167604058        9.564018878582031        1.9534321648697275E-6
19.2854213039238          9.648908927826296        1.8702532512148718E-6
19.339050280928202        9.734040551336191        1.7916113948839487E-6
19.39229708175966         9.819411992017335        1.7172249553573243E-6
19.445160676163237        9.905021503115858        1.6468302161175044E-6
19.497640061545212        9.990867319148753        1.5801803615106158E-6
19.549734221035177        10.076947684244287       1.5170442884616334E-6
19.601442166303755        10.163260826221885       1.4572057125647981E-6
19.652762896500718        10.249804980665543       1.4004621294929047E-6
19.703695432535994        10.33657837029079        1.346624017239173E-6
19.75423879596396         10.42357922139862        1.2955139579640976E-6
19.80439202674457         10.510805745996704       1.2469659131086656E-6
19.854154154595083        10.598256167945797       1.2008244325152714E-6
19.903524232252035        10.685928696302351       1.1569440530478518E-6
19.95250130853268         10.773821545364335       1.1151886070270538E-6
20.001084457336827        10.86193291655408        1.0754306814014309E-6
20.049272738237008        10.950261021959697       1.037550993022449E-6
20.09706524030755         11.038804060268406       1.0014379397607291E-6
20.144461040781948        11.127560233690655       9.669870508330453E-7
20.191459243638075        11.216527731463806       9.341005832773249E-7
20.238058945925907        11.305704753774826       9.026870377981824E-7
20.284259269087816        11.395089491083295       8.726608051722543E-7
20.330059325526953        11.484680142567738       8.439417432567518E-7
20.37545825492142         11.57447489507071        8.164548731166584E-7
20.42045518609572         11.664471945571865       7.901299973715549E-7
20.46504927649991         11.754669478678588       7.649014401032506E-7
20.509239671362003        11.845065690771488       7.407077053678569E-7
20.553025526250916        11.935658716942758       7.17491270135943E-7
20.59640597221362         12.026446690681126       6.951982608275398E-7
20.639380202548875        12.117427784939531       6.737782564683232E-7
20.681947391992484        12.208600179803858       6.5318402526976E-7
20.724106745105264        12.299962038344912       6.333713638562584E-7
20.76585745414615         12.391511530040043       6.142988567519988E-7
20.80719872745311         12.483246811986705       5.959277228574097E-7
20.848129775612954        12.57516604214462        5.782216260108604E-7
20.888649833250348        12.667267364892659       5.611465334798981E-7
20.928758114146056        12.759548931966703       5.446705261751872E-7
20.96845385674779         12.852008881423739       5.287636971702436E-7
21.007736297443316        12.9446453523378         5.133979942615344E-7
21.04660470402196         13.03745646879537        4.98547122338757E-7
21.08505832635654         13.130440366993549       4.841863863307783E-7
21.123096431105676        13.223595175326286       4.7029261322570327E-7
21.16071829088462         13.316919016100119       4.5684404253958996E-7
21.197923195353926        13.410410007035095       4.4382023655790325E-7
21.23471042770713         13.504066270868284       4.312019754522159E-7
21.27107929190073         13.597885917164453       4.1897119620715863E-7
21.307029089576666        13.691867062033394       4.0711089533974895E-7
21.342559142621333        13.786007813449354       3.956050740971498E-7
21.37766876854515         13.880306278559107       3.8443865515080465E-7
21.412357306028365        13.974760561075195       3.7359743428321496E-7
21.446624089611596        14.06936876736193        3.6306800654975287E-7
21.48046847788597         14.164128994370886       3.528377298443073E-7
21.513889819605907        14.25903934634595        3.428946516275045E-7
21.546887487663177        14.354097918553796       3.332274839444057E-7
21.579460851505093        14.44930281016447        3.2382554145460897E-7
21.611609308040332        14.544652111593246       3.1467871861040213E-7
21.643332237133794        14.640143920778023       3.0577742594614396E-7
21.67462904271507         14.735776330560107       2.971125787683348E-7
21.705499129977408        14.83154743609952        2.886755505217334E-7
21.735941929039353        14.927455327425408       2.8045815494898055E-7
21.76595685700056         15.023498103252416       2.7245259685318773E-7
21.795543358123965        15.11967385416938        2.646514689052127E-7
21.82470087066634         15.215980672070518       2.570477092357732E-7
21.85342878706906         15.312416397327988       2.4963461383397154E-7
21.881726535514034        15.408979027519084       2.4240576348257473E-7
21.90959360307903         15.5056666900184         2.3535502478334953E-7
21.937029479533198        15.602477510880918       2.2847653458658603E-7
21.96403367282606         15.69940960486605        2.2176469192257406E-7
21.990605678292162        15.796461086739374       2.152141268177192E-7
22.016745014787528        15.893630058542167       2.088197048954531E-7
22.04245119864699         15.990914623530232       2.0257649924636746E-7
22.067723760718337        16.088312872488416       1.9647978843305692E-7
22.092562228433614        16.18582289584403        1.9052503542622297E-7
22.11696614057388         16.283442776881845       1.847078853062859E-7
22.140935040131264        16.381170593008274       1.7902415179888862E-7
22.164468487225246        16.479004414457773       1.7346981386744352E-7
22.187566036332317        16.576942309509835       1.68040996739421E-7
22.210227261671935        16.674982340817493       1.6273397613260489E-7
22.232451734696784        16.7731225706304         1.5754516032152365E-7
22.254239045722702        16.87136104842572        1.5247109485358238E-7
22.275588780792837        16.96969583079884        1.4750844334880935E-7
22.29650054499218         17.068124958150484       1.4265399561123992E-7
22.316973940028532        17.1666464769931         1.3790464906592038E-7
22.33700858842804         17.265258425129797       1.3325741667067337E-7
22.35660410749218         17.363958837919238       1.2870940964536017E-7
22.375760134119346        17.462745748829942       1.2425784452388783E-7
22.394476306955998        17.56161718244239        1.1990003143023108E-7
22.412752277987927        17.660571169729042       1.1563337337338162E-7
22.430587704589808        17.759605732521543       1.1145536184236136E-7
22.44798224862151         17.858718891283868       1.0736357183327572E-7
22.464935587596784        17.957908663660923       1.0335566373906679E-7
22.4814474033088          18.05717306670002        9.942937482946422E-8
22.497517394709867        18.156510114265792       9.558252192629629E-8
22.51314525880587         18.255917813932466       9.181299091389285E-8
22.528330708651076        18.355394179131103       8.811874188781894E-8
22.54307346026831         18.454937218763778       8.449780140999935E-8
22.557373245496755        18.554544936106          8.094826640191313E-8
22.57122979574901         18.654215343179114       7.746829330957246E-8
22.584642861119978        18.753946444802512       7.405610705862542E-8
22.5976121928253          18.853736245031914       7.070998971574012E-8
22.610137558238772        18.953582749662353       6.742828644543144E-8
22.622218727041183        19.053483962804293       6.420939760712848E-8
22.6338554857846          19.15343788838806        6.105178481928069E-8
22.645047621681037        19.253442532842996       5.7953961785511854E-8
22.655794939082146        19.353495899076165       5.491450299462421E-8
22.666097242458353        19.45359599476413        5.19320341637757E-8
22.675954356234296        19.5537408247273         4.900524266552082E-8
22.685366101672           19.653928396037816       4.61328664150036E-8
22.694332320225282        19.75415671618354        4.3313707996919566E-8
22.702852855369002        19.85442379625109        4.0546625744003183E-8
22.71092756126597         19.954727646657027       3.783054283025587E-8
22.718556300191675        20.055066279335822       3.516445226511241E-8
22.725738941583195        20.155437707667165       3.2547420094536105E-8
22.732475373530946        20.255839948670953       2.9978598506068554E-8
22.738765482514044        20.356271019691473       2.7457233948606416E-8
22.744609164258634        20.456728944877593       2.498268853580099E-8
22.75000632940389         20.557211746173607       2.2554468185922678E-8
22.754956889316425        20.657717452925706       2.0172256896077405E-8
22.75946077633374         20.75824409095804        1.7835980889140072E-8
22.76351792007606         20.858789697971453       1.5545894498191505E-8
22.76712826253873         20.959352309857923       1.3302735594741148E-8
22.77029175115672         21.059929965881622       1.1107978900507238E-8
22.773008348294184        21.160520711759283       8.964307903101258E-9
22.775278016237728        21.261122594574633       6.8765497220997E-9
22.777100734270924        21.361733667778346       4.853777066657497E-9
22.778476479910687        21.46235198675821        2.9148904925952527E-9
22.77940524667692         21.56297561344391        1.1081774283841758E-9
22.779509493043633        21.864888249838955       0
22.779887032883856        21.663602615106708       -3.662132640160583E-10
22.779921848029687        21.764231061455856       2.7517851131032603E-9
