0                         0.022607142973012757     8017.147283418356
0.10128872983647531       0.02256816332964651      8010.863565785325
0.20260095173188497       0.022556268006114086     7991.939003791084
0.30393340789666934       0.022530440755485936     7960.2546165756785
0.4052877047757424        0.022483656616275872     7915.638644592785
0.5066573321939909        0.022407169150746285     7857.7057771140835
0.6080366167407212        0.022347514000620766     7786.106461148832
0.7094311049354113        0.02226373123984446      7700.568261659428
0.8108324310316585        0.022151353097725385     7600.306194414713
0.9122353246355792        0.022023461423953655     7484.3781035092
1.01363636957221          0.021881656441713613     7352.02411795108
1.1150304389159733        0.021697573775676826     7201.879209417397
1.2164144759437365        0.021508336886394485     7032.50007950075
1.3177952426933268        0.021247745596370583     6841.512664365789
1.4191600881568835        0.020963971133166472     6626.044175747941
1.5205063445133118        0.02059322910823809      6381.737099271702
1.621819197393106         0.020167843752418816     6103.02882811496
1.7230952087142737        0.019604783703051618     5780.1969134518895
1.8243160930263027        0.018963517812706925     5400.339817843311
1.9254756640588666        0.01813694695642059      4942.63814408753
2.0265542798833316        0.01724227038323576      4376.778845025126
2.1275458095636313        0.016279219353624495     3664.021890784701
2.228432120746269         0.015621646631442        2777.1249508262435
2.329203876956077         0.01584846098984374      1792.1165698067193
2.4298290727294303        0.018006094031896895     942.8300328578132
2.5302647589533542        0.022880956859129227     430.92984737184116
2.6304715971012365        0.03050427840186454      192.43872215999843
2.7304326732628326        0.040549973846374224     90.7941810536074
2.830163525131977         0.05259079644688586      46.224564080440686
2.9296669328271934        0.06639866010406935      25.30816861616767
3.0289596040826385        0.08173486630256503      14.754000227107587
3.1280425365820412        0.09849445671418543      9.062766264725996
3.2269243318389895        0.11654359156999833      5.814756937826633
3.3256005931588555        0.13582286271016297      3.868744296093615
3.4240660857720178        0.15625750739683827      2.6542024237853417
3.5223104724015735        0.17780444891072636      1.869142530938753
3.6203299603300527        0.20041384714103352      1.3462183593035293
3.718119074060621         0.22405227235864802      0.9886797884156887
3.8156740448110913        0.2486851792875815       0.7385882192662309
3.912989689882151         0.2742883236429699       0.5601069181804621
4.0100621997348505        0.30083581424348815      0.43045276180484143
4.106886520457868         0.3283085834888091       0.3347661225251266
4.203458532381571         0.35668688758265976      0.2631419375091557
4.299773329746723         0.38595551490755253      0.20884083280150992
4.395826603611464         0.4160984674654167       0.1671960193564201
4.491612298258862         0.4471029745837118       0.13492126514503575
4.587125160740293         0.4789552334898167       0.10966850919482543
4.682360278391677         0.5116446073165721       0.08973605463511525
4.777313429193785         0.5451593140546475       0.07387606750517116
4.871979694348015         0.5794902217912687       0.06116245016608198
4.966354645687001         0.614627484294373        0.050900976175991146
5.060433185286374         0.6505635427083416       0.042565836643567216
5.1542107080963735        0.6872900210974778       0.035755384167719374
5.247682170516265         0.7248000469958524       0.030160040560448003
5.340842879389149         0.763086261160436        0.025539414911997637
5.433687711333025         0.8021424731323334       0.021705377661076202
5.526211488239543         0.8419618132270946       0.018509754870642325
5.6184088550541125        0.8825382770338991       0.015835016792416265
5.710275102347776         0.9238657301618152       0.013587399484520075
5.801805239934937         0.9659388841604625       0.01169165284905473
5.892994519042707         1.0087521447818955       0.010087081888998588
5.983838066498299         1.0523003493643732       0.008724466069880971
6.074331046752735         1.096578149062358        0.007563706603981133
6.164468545395546         1.1415807146175423       0.006571976287571222
6.25424595709194          1.1873028144831996       0.005722294116322645
6.343658450140112         1.233739751619544        0.004992383858140662
6.432701335344175         1.2808865601951187       0.004363788782640563
6.521369537934315         1.3287386342453766       0.0038211551474549767
6.609658168874048         1.3772912244910764       0.0033516682249426686
6.697562382705098         1.4265399957150522       0.002944592786925661
6.785077427138496         1.476480523570672        0.002590909954809486
6.87219843256257          1.5271086424055633       0.0022830177022070725
6.958920648232519         1.5784200549858132       0.0020144910841660437
7.0452392420435315        1.6304106456342822       0.0017798833854311216
7.131149471287635         1.683076218788677        0.0015745656610189303
7.216646582903362         1.7364126420753392       0.0013945932351477092
7.301725857999073         1.7904157926656212       0.0012365964543057087
7.386382559916432         1.8450815556787          0.0010976899648098828
7.4706118738199505        1.9004058072642833       9.753975671480315E-4
7.554409080617951         1.9563843867981787       8.675895124474237E-4
7.637769539671968         2.0130132649839942       7.724299556649334E-4
7.720688686262029         2.0702883434784707       6.883335155009119E-4
7.803161934871316         2.128205617666714        6.139282471751712E-4
7.885184733164891         2.186760966309041        5.480249425126085E-4
7.966752421033478         2.2459503309669198       4.895907413407149E-4
8.047860511417468         2.305769651196705        4.377271061476766E-4
8.128504493202376         2.3662149166573445       3.9165102176412904E-4
8.208679896962096         2.4272820614371375       3.5067913661499054E-4
8.288382211759199         2.488967042650621        3.1421410392387097E-4
8.367606926293536         2.5512657238570196       2.8173305453174397E-4
8.446349536192104         2.6141740183919193       2.5277757811946363E-4
8.524605654614115         2.6776877863001762       2.2694528606002822E-4
8.602370861701088         2.7418029428349238       2.0388244477654023E-4
8.679640836349897         2.806515292463178        1.8327777199554366E-4
8.756411221602646         2.8718206989057404       1.648569358724703E-4
8.83267774968998          2.9377149336694606       1.483779423495375E-4
8.908436133377915         3.004193810505384        1.336270353413474E-4
8.983682182655315         3.0712530473076325       1.2041523881851221E-4
9.058411675841372         3.1388884225027742       1.0857526487912556E-4
9.132620507031495         3.207095573333906        9.795892685391664E-5
9.20630448609658          3.2758702092011855       8.843477764863437E-5
9.279459563896982         3.3452079385043763       7.988615380330069E-5
9.352081647298613         3.4151044930430183       7.220937620726052E-5
9.424166760280059         3.4855555061728904       6.531226857897156E-5
9.495710872593026         3.5565566973847633       5.911278211821162E-5
9.566710011551463         3.6281036256496897       5.353786015735612E-5
9.637160132045341         3.700191887010487        4.8522375230831426E-5
9.70705736666755          3.772817066135303        4.4008241283105254E-5
9.776397791333139         3.8459747997355747       3.994360401468877E-5
9.845177565276433         3.91966063518253         3.628215841061241E-5
9.913392798800407         3.993870142018595        3.298251607381295E-5
9.981039682979059         4.068598783277302        3.0007673367403424E-5
10.048114386522332        4.143842062922777        2.732451571970512E-5
10.114613157020871        4.219595438332892        2.4903400807330205E-5
10.180532236205693        4.295854373760378        2.2717776199140836E-5
10.24586792301558         4.372614285729669        2.0743849706837146E-5
10.31061651941788         4.449870592304688        1.896028955453088E-5
10.374774388117926        4.5276186648858765       1.7347964614939816E-5
10.438337904111565        4.605853872712768        1.5889708055147086E-5
10.501303497662288        4.684571547563137        1.4570111645558168E-5
10.563667603951894        4.763767027505289        1.3375338795064147E-5
10.625426707210847        4.843435606420633        1.2292962170527194E-5
10.68657730705162         4.923572564871354        1.1311815591806094E-5
10.747115967428718        5.004173162219605        1.0421864024219217E-5
10.807039263311143        5.08523267986355         9.614085323620587E-6
10.866343844695923        5.166746359401758        8.880368032115134E-6
10.925026373422671        5.248709452437479        8.213416400301368E-6
10.983083530511253        5.331117074107344        7.606669332315066E-6
11.04051200346437         5.413964356639119        7.054223009024277E-6
11.097308592430121        5.497246460059664        6.550765214716537E-6
11.153470104494003        5.580958529739251        6.0915151212517654E-6
11.208993407535559        5.66509565997345         5.67217045073095E-6
11.26387537170048         5.749652926025031        5.288858433477693E-6
11.3181129230262          5.834625350841986        4.938093329993573E-6
11.371703002169493        5.920007956008045        4.61673685971934E-6
11.424642611044614        6.005795730082455        4.321963976188221E-6
11.476928765285523        6.0919836527641404       4.051231069455509E-6
11.52855854012258         6.178566666079354        3.802248312595645E-6
11.579529020537661        6.265539709804367        3.5729538327391347E-6
11.629837346930456        6.352897692397174        3.3614913848591544E-6
11.679480687872722        6.440635511893551        3.1661895937963267E-6
11.728456280477602        6.528748032592682        2.985543793137025E-6
11.776761362593506        6.617230126537125        2.8181989005523834E-6
11.824393249598044        6.706076623750637        2.662935035698458E-6
11.871349253104484        6.795282360491496        2.5186534711679645E-6
11.91762676862498         6.88484214965516         2.3843649801224496E-6
11.963223190301116        6.974750822806978        2.259178401847559E-6
12.008136003437501        7.0650031793266805       2.1422913013235127E-6
12.052362690122985        7.155594012637439        2.0329806238284414E-6
12.095900757066303        7.246517970805587        1.930595155248669E-6
12.138747760411269        7.337769805761727        1.8345476670632858E-6
12.180901329510483        7.429344253775114        1.7443088372095485E-6
12.222359089528444        7.521236043750543        1.6594011184642187E-6
12.263118730122336        7.613439866835908        1.5793937274501792E-6
12.303177948839767        7.705950396274164        1.5038976545508351E-6
12.342534504302787        7.798762269676976        1.4325615511291298E-6
12.381186176868917        7.891870119493119        1.3650676891713652E-6
12.419130812557494        7.985268548899817        1.3011286429748035E-6
12.456366266800812        8.078952157538895        1.2404839684040928E-6
12.492890457386181        8.172915519237973        1.1828975692201804E-6
12.528701324784603        8.26715320058364         1.1281550423292887E-6
12.563796870423712        8.361659747838374        1.0760615223530771E-6
12.598175115775597        8.456429703447471        1.026439532395903E-6
12.631834144873475        8.551457592742718        9.791272806618416E-7
12.664772070121543        8.646737938464794        9.339769349654651E-7
12.696987060296733        8.742265244474225        8.908532474347077E-7
12.728477307962736        8.83803401636727         8.49632164453156E-7
12.759241071835465        8.934038753399273        8.101997671966785E-7
12.789276637851795        9.03027395985952         7.724511458072222E-7
12.818582337502148        9.126734063911893        7.36289598243767E-7
12.847156409340862        9.223413109027156        7.016258150061572E-7
12.874997304101191        9.320305588343544        6.683769580367636E-7
12.902103508555308        9.417406078050023        6.364660583645558E-7
12.928473567338397        9.514709115814291        6.058216093901975E-7
12.954106035043901        9.612209216050433        5.763769484729997E-7
12.97899952002695         9.709900859058694        5.48069906732603E-7
13.0031526461459          9.807778498344529        5.208423303638067E-7
13.026564088637636        9.905836557484543        4.946398009755284E-7
13.04923254869764         10.00406944147447        4.694112675954819E-7
13.071156779888705        10.102471531099061       4.451088233034318E-7
13.092335557590834        10.201037188035672       4.2168740105019296E-7
13.112767712477888        10.299760752345014       3.991046194071193E-7
13.132452099894328        10.398636546691765       3.77320526089887E-7
13.151387632011037        10.49765887478433        3.5629748239786393E-7
13.169573244517885        10.596822026678232       3.359999413912331E-7
13.18700793184363         10.69612027754657        3.163943669809121E-7
13.203690716293243        10.795547890491957       2.9744904735051467E-7
13.219620681776423        10.89509911138912        2.7913402865737034E-7
13.234796936572293        10.994768181381092       2.61420939562131E-7
13.249218650744261        11.094549332326542       2.442829564869887E-7
13.262885017083525        11.194436794209423       2.2769464035847622E-7
13.275795294020021        11.294424791509195       2.1163192856690883E-7
13.287948764374791        11.394507546703187       1.9607197633381526E-7
13.299344773370063        11.494679280414974       1.8099314804217368E-7
13.3099826974133          11.594934214057494       1.6637489169985847E-7
13.319861972070687        11.695266571186608       1.521977236375032E-7
13.328982061598692        11.795670579342652       1.3844311886086692E-7
13.337342488015771        11.896140472060717       1.2509350092967222E-7
13.344942808354253        11.996670486310478       1.1213216128875712E-7
13.35178263603122         12.09725486780105        9.954322671451401E-8
13.357861615505987        12.19788787630868        8.7311613024111E-8
13.363179444804889        12.298563783758532       7.542298928796325E-8
13.367735850907328        12.399276876535357       6.386377006035657E-8
13.371530612185467        12.500021456049046       5.26210953172043E-8
13.374563528104678        12.600791840995377       4.168289888585373E-8
13.376834479435706        12.701582368611367       3.103810894773824E-8
13.378343338086253        12.802387396187155       2.0677430972904854E-8
13.379074780836284        13.004009455205445       0
13.379090059747394        12.903201301527432       1.059915363290051E-8
