0                         0.04224573869426209      11468.050123510184
0.10290273247487551       0.04224143073720336      11467.520446674176
0.20581517265019889       0.04223945817156071      11465.931295820928
0.3087295773119084        0.04223994954422492      11463.282319083039
0.4116475046063379        0.042235803036263904     11459.573003160987
0.5145670417008377        0.04223417738667104      11454.802676687446
0.6174907754000887        0.042228991910369114     11448.97047744185
0.7204164897082487        0.042222514249513135     11442.074413162201
0.8233447057528979        0.042214007584115386     11434.11230686461
0.9262751090428979        0.04220447513945006      11425.081447944922
1.0292082281179074        0.04219032941912723      11414.978034552843
1.1321425939657714        0.04217562057053277      11403.79801078978
1.2350787143740514        0.04215789380050005      11391.536358977957
1.3380158925072712        0.04213903481634706      11378.188754430661
1.4409545202204557        0.04211636386657836      11363.74813410162
1.5438932757982367        0.042092716983032276     11348.208326014863
1.646832084214568         0.042066424803248785     11331.562429773034
1.7497702749085124        0.0420396887435014       11313.80466413535
1.8527079197702827        0.04201107794290219      11294.92599814582
1.955644275111218         0.0419804298888948       11274.920942545383
2.05857953085674          0.04194530821577817      11253.77607468106
2.1615120900598748        0.04190903707194829      11231.48309000087
2.264442015193684         0.04186998600974655      11208.029703006456
2.367368596628565         0.04182857902967571      11183.4058633777
2.4702914991609437        0.04178483530258389      11157.595135430696
2.5732096235486432        0.04173863564409122      11130.58880125877
2.6761229373597937        0.041689071533916405     11102.36782543091
2.779030289278404         0.04163735808200206      11072.921851407285
2.881931639412181         0.04158367641784338      11042.229249398699
2.984825616048863         0.04152855587296825      11010.281170551878
3.0877121586270473        0.04147541952928384      10977.062887010243
3.1905910211279713        0.04141472117983182      10942.555028551003
3.2934608240190375        0.041354930011394134     10906.741344230331
3.3963221858180352        0.041297137291626505     10869.608114778835
3.4991758121802006        0.041232569840859656     10831.140745126391
3.602020770943012         0.04116629549854271      10791.30652578798
3.704855524231433         0.04109945145447191      10750.092944370597
3.8076801487268606        0.041030986341588485     10707.477849207378
3.9104939345956753        0.04095837321638218      10663.442850490437
4.013296015205514         0.04088688020245532      10617.953652733762
4.116085374818897         0.04081019324838058      10570.996834026024
4.218861674678405         0.04073667851626302      10522.545981489748
4.321624503567683         0.040654485669499946     10472.576892534717
4.424372678012465         0.04057206657109104      10421.047884446407
4.527104928550544         0.040487865243196176     10367.938621777905
4.629821040558951         0.04040198432174279      10313.219407792323
4.7325202209856165        0.040313602413989236     10256.86366774777
4.835201649058688         0.040228382540724854     10198.847997276818
4.937864917523492         0.04013724708531373      10139.135360246435
5.040508614179189         0.04004355369917394      10077.680959206291
5.143131881376198         0.03994777656672274      10014.460227227975
5.24573410568719          0.0398514750705076       9949.435031026658
5.348314930004562         0.03974785427854192      9882.571499064145
5.450872864081015         0.03964714192031715      9813.801923676172
5.553407429384261         0.03953907338564348      9743.101630257492
5.655917539743258         0.03943181900300933      9670.405785254601
5.758402580432355         0.03931863541194246      9595.690252149545
5.860861412849812         0.03920502768701474      9518.874258059534
5.963293110559265         0.03908445929691918      9439.920765112813
6.065696724428895         0.03896817819712406      9358.765473334759
6.168072129728247         0.03884105070966451      9275.360809604612
6.2704175322105105        0.03870888599975537      9189.597344290862
6.372731596486981         0.03857770933016669      9101.425740072815
6.475014192844763         0.03843887736800107      9010.758154169029
6.577263517531519         0.03829817644700152      8917.544153464227
6.679476402491673         0.03815211073287454      8821.637338178369
6.781651715863022         0.03800157037028373      8723.005782007065
6.8837879892931495        0.03784838936418949      8621.499597356942
6.985884671933472         0.03769040236181341      8517.074109152329
7.087940331086172         0.037525830562212384     8409.570428650517
7.189954129387044         0.03735868195443837      8298.904131392825
7.291924679072147         0.03717609729775404      8184.8674769857935
7.393851201200015         0.036995239029525076     8067.364639588612
7.495732414676566         0.036793051786619506     7946.142643081622
7.597567202176806         0.03659326570940849      7821.05429564227
7.699354369110677         0.03637161000883792      7691.8128360000655
7.801092882172846         0.03614567012485145      7558.188000521359
7.902781198203406         0.03589116760906597      7419.7785207655115
8.00441858739858          0.0356267983320041       7276.2369658927555
8.10600348203293          0.03532269150333318      7126.991549507037
8.207534482672898         0.035007911405637686     6971.509038010415
8.309010396368997         0.03465985029241767      6809.122488705925
8.410430054335668         0.03428800212070655      6639.128729945233
8.511791821827853         0.03387569246581109      6460.565487334169
8.613094210997916         0.03340820892709867      6272.207092745978
8.71433582019471          0.03289572213472747      6072.328972071491
8.815515652628996         0.032320002145237295     5859.076039801983
8.916632314965959         0.03169581536166055      5629.963381694906
9.017684077226175         0.030985702422548597     5382.184513223963
9.118670210317987         0.030216277784696297     5111.586752277789
9.21958921260322          0.02937256662765425      4813.739199564753
9.320440891556471         0.02847714388466401      4482.518633422441
9.421224035470575         0.027541259160750436     4111.6343451793155
9.521940811689552         0.026617833376459902     3693.510643279289
9.622591410284294         0.0257837567897315       3223.758627208288
9.723179203684255         0.025207401156759034     2704.160718794442
9.823708315648917         0.02506208839491201      2152.134225526797
9.924180160116263         0.025675752455478526     1605.254718769033
10.024593190836919        0.02736593744465305      1117.4531530589613
10.124933251546281        0.030434384924277753     733.171826278122
10.225186977442219        0.03499550160493631      463.8374590536841
10.325337974601638        0.04106137622792751      290.13571414790545
10.425378738420722        0.04852125382867199      183.0864423536204
10.525303268278767        0.057266365118128916     117.90279901295693
10.625111813027607        0.06716503669949034      77.89752973678218
10.724803333049506        0.07812427213115718      52.85854068589067
10.82437974469982         0.09004983572630568      36.807653014652765
10.923840983935598        0.1028777876270991       26.252291160275355
11.023188729079605        0.11654389301223793      19.137511178205077
11.1224230287273          0.13100327582574828      14.228282668014696
11.22154541690275         0.1462088052767217       10.767255042768676
11.320555656296712        0.1621287672455788       8.278515744571393
11.419455528963352        0.17872498403777412      6.456493036935858
11.51824405181639         0.19597673585314343      5.100556513905971
11.616921722956233        0.21385812152417086      4.076427088312152
11.715489073880505        0.23234557274296774      3.2923949883390713
11.813946274333995        0.2514193011617105       2.6847092870066214
11.91229370735321         0.2710603170024682       2.208358028760754
12.01053064650348         0.29125579265411705      1.831069215793765
12.108657550778204        0.31198883922858334      1.5293950601818997
12.206674109304004        0.3332470163981873       1.2860594248819162
12.304580565978075        0.35501652667088757      1.088188610616841
12.402376758519853        0.377286072444452        0.9260780917409862
12.500062651541164        0.40004456508867203      0.792338948709414
12.59763797795053         0.4232824163888625       0.6812900895703006
12.695102646003443        0.44698994180575846      0.5885247589158084
12.792456466917788        0.4711583635079856       0.5105951891393147
12.889699382204235        0.4957788796256162       0.4447828582341541
12.986830771430748        0.5208446444323813       0.3889281357593538
13.083850559494952        0.5463472984833402       0.34130418482479574
13.180758538276871        0.5722798706109145       0.30052013662458255
13.277554483233319        0.5986357074876786       0.2654493933399111
13.374237918100558        0.6254093029380119       0.23517395214130438
13.47080867724743         0.6525943639307966       0.20894194914197986
13.567266465400143        0.6801852943982347       0.18613410293235236
13.663610981215314        0.7081767447909013       0.1662378887932577
13.759841995181112        0.7365633717452116       0.14882716095102583
13.85595912235711         0.765340531527526        0.13354595801682215
13.951962151094806        0.7945032211169798       0.1200957775021455
14.047850747028173        0.8240470034370131       0.10822520702364569
14.143624662721932        0.8539673523426392       0.0977217300502441
14.239283577799341        0.8842601252180441       0.08840501796355604
14.334827159763801        0.9149213667276528       0.08012153466124795
14.43025502188193         0.9459473998472963       0.07274011618684649
14.525566779776174        0.9773346686938073       0.06614835714000691
14.62076203834171         1.009079751138421        0.06024963220269734
14.715840420555306        1.041179287023698        0.05496063502841965
14.810801591887111        1.0736299058657353       0.05020934007075179
14.905645232824204        1.106428322333455        0.04593330003412674
15.000370854302           1.1395717993848389       0.04207822238048674
15.094978048614445        1.1730574452008984       0.03859680582107613
15.18946644580481         1.2068823623977956       0.03544773314908853
15.283835615842445        1.241043901724324        0.03259482498078242
15.37808511163856         1.27553952179528         0.030006333981605845
15.472214493810984        1.310366730114506        0.027654342252629343
15.566223355394543        1.3455230140696854       0.025514248886409133
15.660111303787           1.381005902140072        0.023564330297809338
15.753877946243065        1.4168129862466334       0.021785366315551138
15.847522852160372        1.4529420205080386       0.020160318435276603
15.941045561409851        1.489390808692469        0.01867405688840265
16.034445575544886        1.5261572167831463       0.01731312280128999
16.127722437740626        1.5632391335412272       0.01606552313700321
16.220875702167053        1.6006345570853164       0.014920552484205336
16.313904935582787        1.6383415017421683       0.013868640777352692
16.40680967969349         1.6763580884218088       0.012901218788424733
16.499589490275607        1.714682445244884        0.012010602811220019
16.59224390305558         1.7533127911855215       0.011189892402919278
16.684772464370827        1.7922473577671119       0.010432882367882123
16.777174711175842        1.8314844374800512       0.009733984657444978
16.869450181713503        1.8710223555416343       0.009088160464393499
16.961598419056386        1.9108594596827975       0.008490860363096243
17.053618976337958        1.9509941145046157       0.007937971572544007
17.145511395299316        1.9914247407961725       0.007425771298196779
17.23727518559493         2.032149863488447        0.006950885569814578
17.328909870813135        2.073168001610991        0.006510253520107519
17.420415006603033        2.114477636531031        0.006101095216474753
17.51179012691114         2.156077282492773        0.005720882824270692
17.6030347026723          2.1979655502235222       0.005367315105163847
17.694148262155426        2.2401410553309438       0.005038295113676826
17.78513032400225         2.2826024619747813       0.00473191004694599
17.875980420483717        2.3253484282176498       0.004446413499204572
17.966698074995723        2.3683776519922457       0.004180209303155795
18.057282807075175        2.4116888619273875       0.003931837253965487
18.147734121661955        2.4552808338149306       0.0036999602678965725
18.238051517179958        2.4991523754801235       0.0034833529349194547
18.32823449542074         2.543302304337495        0.0032808912568621025
18.41828254629153         2.5877294789161436       0.003091543294445948
18.50819516792154         2.63243275693932         0.0029143609183976565
18.59797185607336         2.6774110167614165       0.002748472236801149
18.687612119840708        2.72266312620699         0.0025930748721159514
18.777115468615776        2.7681879690881352       0.002447429786053544
18.866481384840654        2.8139844462002976       0.0023108557712999745
18.95570933328378         2.860051490920906        0.0021827244239344718
19.044798804418413        2.9063880504632373       0.002062455636841749
19.13374930077713         2.9529930809418286       0.0019495135165102243
19.222560326355467        2.999865546405858        0.00184340266995034
19.311231373973563        3.0470044480428244       0.001743664793740541
19.399761941223044        3.094408787338633        0.00164987565776229
19.48815152431496         3.142077580555996        0.0015616422936206417
19.576399610664588        3.1900098741447396       0.001478600441876852
19.6645056813664          3.238204735536283        0.0014004122538250443
19.75246923340251         3.286661212954284        0.0013267642173521502
19.840289770400425        3.3353783555805103       0.0012573652042634836
19.927966794142048        3.3843552268665227       0.0011919446996169023
20.015499797959055        3.433590915278519        0.0011302511887566185
20.10288827647561         3.4830845181624          0.0010720507020283029
20.19013171560674         3.5328351564925047       0.0010171254591170061
20.27722959664276         3.582841970121284        9.652726419232209E-4
20.36418140740656         3.6331040946620123       9.163032799751309E-4
20.450986641004558        3.6836206667598566       8.700412066008238E-4
20.53764478053757         3.7343908483329873       8.263220920785007E-4
20.624155315319705        3.785413799150849        7.849925863096473E-4
20.71051774291047         3.8366886724496085       7.459095146848639E-4
20.796731562982327        3.88821463029142         7.089391281948814E-4
20.88279626125867         3.9399908627953377       6.739564146277516E-4
20.968711332678996        3.992016554377189        6.408444888079542E-4
21.05447626925576         4.044290901454672        6.094940050417043E-4
21.14009056026488         4.096813113415276        5.79802624172573E-4
21.225553690939865        4.149582411720407        5.516745225335639E-4
21.310865154913383        4.202598012611242        5.250199442251205E-4
21.396024440983012        4.255859146264714        4.997547730602507E-4
21.481031045675046        4.309365038879567        4.758001511709568E-4
21.56588445496256         4.3631149366366975       4.530821112788821E-4
21.650584144724384        4.417108079558775        4.315312543775591E-4
21.735129596692705        4.471343708702641        4.1108243782358344E-4
21.819520306559323        4.525821077877966        3.916744860417628E-4
21.903755757274592        4.58053946621992         3.732499241868446E-4
21.987835441853186        4.635498144322463        3.557547431596567E-4
22.071758852905973        4.6906963882211645       3.391381674507825E-4
22.15552548436858         4.74613347885346         3.233524440212134E-4
22.239134822442345        4.801808714017808        3.083526433492827E-4
22.322586362774917        4.857721382654625        2.94096483374704E-4
22.405879596101396        4.9138707872957195       2.8054415430670194E-4
22.489014023887957        4.970256219664533        2.676581662938647E-4
22.571989140322653        5.026876989581422        2.55403196161196E-4
22.65480444595843         5.08373240026987         2.4374595604518696E-4
22.737459434897143        5.140821771829921        2.3265506129736393E-4
22.819953608941905        5.198144417521648        2.2210091647183292E-4
22.902286462706158        5.255699662427989        2.1205560109688253E-4
22.984457456276175        5.313486802856298        2.024927732930401E-4
23.066466069441056        5.371505162035614        1.933875635993864E-4
23.14831180431513         5.42975407048909         1.8471648892888232E-4
23.229994162966996        5.488232860090661        1.7645736954651848E-4
23.31151265130606         5.546940863304759        1.6858925061478028E-4
23.392866766119198        5.6058774259975745       1.6109232714787392E-4
23.474056007736703        5.66504189085063         1.5394787779800633E-4
23.555079880850403        5.7244336001773535       1.4713820014846928E-4
23.63593788743862         5.784051900170834        1.406465500953168E-4
23.716629524424917        5.843896149148491        1.3445708479472966E-4
23.797154296464814        5.903965695292446        1.2855481260314478E-4
23.87751170746403         5.964259891696566        1.2292554190223708E-4
23.957701261050087        6.024778093577273        1.1755583522240477E-4
24.0377224581844          6.085519662212509        1.1243296555116375E-4
24.117574803168143        6.1464839569021885       1.0754487650617774E-4
24.197257799042834        6.207670334457928        1.0288014412620158E-4
24.27677094427349         6.269078151678667        9.842794079920614E-5
24.3561137350436          6.330706776541999        9.417800082127726E-5
24.435285678157886        6.392555574498456        9.01205901039605E-5
24.514286278417877        6.454623917117939        8.624647576357811E-5
24.59311504400543         6.516911174131684        8.25468989147481E-5
24.67177147800814         6.5794167213624          7.90135478634376E-5
24.750255089906045        6.642139931607439        7.563853419473464E-5
24.82856538868488         6.705080180048327        7.241436917295905E-5
24.906701885205827        6.768236841003587        6.93339421612329E-5
24.984664086563846        6.831609296705876        6.639049957293523E-5
25.062451502544626        6.895196926220091        6.357762626520384E-5
25.14006364901812         6.958999105643379        6.08892272984042E-5
25.217500039958793        7.0230152152036105       5.831951035990604E-5
25.29476018527666         7.087244640774325        5.586296957931784E-5
25.37184359940948         7.151686766860772        5.351437072473338E-5
25.448749797929096        7.216340977902804        5.126873673997463E-5
25.52547829595687         7.281206660446078        4.9121334105388334E-5
25.602028608049007        7.346283204854453        4.706766001269665E-5
25.67840025164349         7.411569997899581        4.510343063997995E-5
25.75459274129429         7.4770664357164485       4.322456923781391E-5
25.830605596486055        7.5427719074136395       4.142719607365349E-5
25.906438335044022        7.608685806011127        3.970761781957121E-5
25.982090479240608        7.674807525030138        3.806231814419348E-5
26.057561545471987        7.741136463421252        3.6487948443653514E-5
26.132851054429683        7.807672017371667        3.498131962162778E-5
26.207958528608764        7.874413584256258        3.3539393845541445E-5
26.28288349223204         7.941360562174938        3.215927691255886E-5
26.357625467209473        8.008512350869971        3.0838210967651645E-5
26.43218397968435         8.075868349969928        2.957356774850918E-5
26.50655855629014         8.143427959313154        2.8362842071551035E-5
26.5807487260749          8.21119057859924         2.7203645719736165E-5
26.654754014113074        8.279155607788004        2.60937015910887E-5
26.728573947891142        8.347322441145572        2.503083836579555E-5
26.80220805896212         8.415690480925232        2.4012985004843227E-5
26.875655880940638        8.484259128823147        2.3038166008550614E-5
26.948916947965454        8.553027790154587        2.2104496653065727E-5
27.021990795658194        8.621995867408511        2.12101786962845E-5
27.09487695684797         8.691162773284494        2.0353495922659875E-5
27.167574966904112        8.76052791225486         1.953281053207603E-5
27.24008436872259         8.83009068981063         1.87465592053922E-5
27.312404706774497        8.89985050842137         1.7993249555589286E-5
27.384535518875115        8.96980678116266         1.7271456486617506E-5
27.456476346555945        9.03995891808529         1.657981924479708E-5
27.528226735018784        9.11030632605778         1.591703834547244E-5
27.599786233132928        9.180848413556733        1.5281872594443576E-5
27.671154386920133        9.251584591631623        1.4673136294172298E-5
27.74233074809204         9.322514269748698        1.4089696716768247E-5
27.813314843202242        9.393636836785024        1.3530471707949347E-5
27.884106196168037        9.46495167337369         1.2994427238222042E-5
27.954704355184205        9.536458193479318        1.2480574799131079E-5
28.025108872600313        9.608155809107535        1.1987969622863441E-5
28.09531930039289         9.680043930532824        1.151570862676997E-5
28.165335200724673        9.752121963535888        1.1062928541745356E-5
28.235156124244817        9.824389319417207        1.0628803901199495E-5
28.304781623255202        9.89684541308699         1.0212545373664144E-5
28.37421125369209         9.969489653011898        9.813398200101862E-6
28.44344457346076         10.042321448296816       9.430640537781933E-6
28.51248114562439         10.115340203126538       9.063582010949407E-6
28.58132052731762         10.188545328118858       8.71156215436574E-6
28.64996227947925         10.26193622983413        8.373949169194398E-6
28.7184059612482          10.335512316616672       8.050138563731685E-6
28.786651135504588        10.409272995878002       7.73955195729509E-6
28.85469736544702         10.483217672798837       7.441635901243167E-6
28.922544213732788        10.557345749741105       7.155860759139466E-6
28.99019124029225         10.631656630553904       6.881719607151131E-6
29.057638013646248        10.706149720551865       6.6187272503513325E-6
29.12488409931643         10.78082442596784        6.366419228882158E-6
29.191929064607713        10.855680149046998       6.124350935415469E-6
29.258772478737345        10.930716297107146       5.892096685833806E-6
29.32541391148715         11.005932272414913       5.6692489326081814E-6
29.391852933416775        11.081327481227431       5.455417418813873E-6
29.458089116680252        11.156901324780263       5.250228462542727E-6
29.524122033799525        11.232653208948902       5.053324180831537E-6
29.58995125839802         11.30858253495011        4.864361841252619E-6
29.655576365936767        11.384688706327188       4.683013169788987E-6
29.720996934755995        11.460971123492012       4.5089637446143345E-6
29.7862125436081          11.537429188507499       4.341912368596392E-6
29.851222772163766        11.61406230007959        4.1815705150894515E-6
29.916027201276304        11.690869861049006       4.0276617518487425E-6
29.980625412542363        11.76785126976604        3.879921248227249E-6
30.045016988504848        11.845005928202742       3.738095246780642E-6
30.109201514210397        11.92233323551249        3.6019406106735296E-6
30.173178573252258        11.999832592859397       3.471224345142373E-6
30.236947753019766        12.077503401032876       3.345723178862433E-6
30.300508639285418        12.155345058125485       3.225223145259827E-6
30.363860824441666        12.233356960590749       3.1095191932334644E-6
30.427003900594425        12.311538506671575       2.998414787120212E-6
30.48993746064678         12.389889095132256       2.8917215498325448E-6
30.552661096555585        12.468408123273775       2.7892589189421653E-6
30.615174405112885        12.547094990092566       2.6908538153325225E-6
30.677476981783112        12.62594909015365        2.596340331938243E-6
30.739568424612596        12.704969822276274       2.505559416173653E-6
30.801448334027203        12.7841565827687         2.418358595294645E-6
30.86311631006269         12.863508769154569       2.334591687825845E-6
30.924571955606577        12.943025776007405       2.2541185509741306E-6
30.985814871802035        13.022706995895337       2.1768048192103707E-6
31.046844665906004        13.102551824446424       2.102521661554648E-6
31.10766094280221         13.182559657640189       2.0311455458875854E-6
31.16826331177804         13.262729890614882       1.9625580267219737E-6
31.228651383687076        13.34306191819506        1.8966455286456299E-6
31.288824771522812        13.423555135988115       1.8332991421314866E-6
31.34878308638645         13.504208938401547       1.7724144285432092E-6
31.408525944130307        13.585022722051372       1.7138912356817996E-6
31.46805296000857         13.665995879172685       1.6576335238662025E-6
31.527363754705195        13.747127806046995       1.6035491891339271E-6
31.58645794823743         13.82841789766313        1.5515499021019303E-6
31.64533516196179         13.909865546012174       1.5015509554359416E-6
31.70399501653784         13.99147014858079        1.4534711023896982E-6
31.762437136202152        14.073231100093807       1.407232427514904E-6
31.82066114797887         14.155147795099474       1.3627602052116937E-6
31.87866667696702         14.237219616071172       1.3199827768474796E-6
31.93645331957168         14.319445912471252       1.2788314248276723E-6
31.99402070193467         14.40182607375742        1.2392402202275701E-6
32.05136845646125         14.484359491901253       1.201145930530474E-6
32.108496217084145        14.567045557438593       1.1644879093729034E-6
32.16540361737379         14.649883661172773       1.1292079877025266E-6
32.22209029372891         14.732873191718745       1.0952503764451636E-6
32.27855588202564         14.816013537963522       1.0625615647643199E-6
32.334800020010924        14.899304087149488       1.031090229954122E-6
32.3908223450531          14.982744227277493       1.0007871447505512E-6
32.44662249700616         15.066333342763855       9.716050966273247E-7
32.502200116802264        15.15007082131549        9.434987996547278E-7
32.55755484677412         15.233956045834677       9.164248218105369E-7
32.61268632986679         15.317988401067188       8.903415042882509E-7
32.667594210766325        15.402167267325574       8.652088939119313E-7
32.722278135966384        15.48649202883005        8.409886683377822E-7
32.77673775331269         15.570962063124536       8.176440758586093E-7
32.830972709828764        15.655576746180454       7.951398671160141E-7
32.88498265735592         15.740335458302415       7.734422333887745E-7
32.93876724478177         15.825237578999198       7.525187475101472E-7
32.99232612471566         15.910282486697659       7.323383108463416E-7
33.04565895082959         15.995469558460263       7.128710981492368E-7
33.09876537982048         16.080798169904146       6.940885065618046E-7
33.15164506835293         16.166267698201306       6.759631032690004E-7
33.20429767300655         16.251877516572446       6.584685805438252E-7
33.25672285357376         16.337627000503844       6.415797084779467E-7
33.30892027153821         16.423515523643246       6.252722924075512E-7
33.36088958822373         16.509542459613726       6.095231293862416E-7
33.41263046854823         16.59570718168052        5.943099694113749E-7
33.46414257526154         16.68200906049253        5.796114755026255E-7
33.51542557637837         16.768447467782234       5.654071877552716E-7
33.56647913856925         16.855021776746806       5.516774853683361E-7
33.617302930292354        16.941731356977936       5.384035554096381E-7
33.667896621903765        17.028575578450145       5.255673585300038E-7
33.718259887079206        17.11555380829627        5.131515989313775E-7
33.768392400882654        17.20266541603562        5.01139691805382E-7
33.818293839260434        17.289909769613065       4.895157355210857E-7
33.86796387902966         17.377286237257064       4.782644832594296E-7
33.91740219910969         17.464794187142786       4.673713167942312E-7
33.96660847981965         17.552432983738857       4.568222216495032E-7
34.01558240369993         17.640201994201714       4.4660376090450034E-7
34.06432365553794         17.72810058378873        4.3670305286182674E-7
34.11283192044444         17.816128119848702       4.271077468564063E-7
34.16110688431997         17.904283965109418       4.178060033623535E-7
34.20914823742469         17.992567486135478       4.0878647187087894E-7
34.256955669170246        18.08097804663419        4.000382712022004E-7
34.304528870084575        18.169515009452223       3.9155097029262924E-7
34.35186753529115         18.258177740556178       3.833145696552924E-7
34.398971358605905        18.346965599533213       3.753194843405483E-7
34.445840037263984        18.435877951741396       3.675565254049813E-7
34.49247327064376         18.52491415955626        3.600168851701141E-7
34.53887075640462         18.61407358194153        3.5269212071505916E-7
34.58503219944307         18.70335558549159        3.455741386480251E-7
34.63095730182566         18.792759533525185       3.386551806730896E-7
34.676645767335046        18.882284783453297       3.319278111250576E-7
34.72209730610611         18.971930701583947       3.2538490187721465E-7
34.767311626962595        19.061696648262444       3.1901962069693046E-7
34.81228843845058         19.151581984351505       3.1282541808174194E-7
34.85702745413193         19.24158607485054        3.067960159594788E-7
34.901528388548016        19.331708281307773       3.0092539685414533E-7
34.94579095467591         19.421947962870064       2.9520779237422645E-7
34.989814871264976        19.512304483437635       2.896376730879351E-7
35.03359985715324         19.602777203567992       2.842097387239058E-7
35.07714561836535         19.69336544662671        2.7891891106078333E-7
35.120451866307015        19.78406855245757        2.737603200585987E-7
35.16351832315844         19.87488587666487        2.6872929631889916E-7
35.2063447145448          19.965816777865275       2.638213632065274E-7
35.24893076911177         20.05686061621441        2.590322288780757E-7
35.29127621272621         20.148016748149587       2.5435777823440503E-7
35.333380775301855        20.23928452908813        2.4979406620150527E-7
35.37524418949163         20.33066331488242        2.4533731011639115E-7
35.41686618716626         20.422152456728224       2.4098388289439917E-7
35.4582465009232          20.513751309549445       2.3673030569195476E-7
35.49938486599402         20.605459226124523       2.3257324259405732E-7
35.54028101926271         20.69727555742478        2.2850949429784984E-7
35.580934699329546        20.78919965264058        2.2453599228136964E-7
35.62134564664052         20.881230865972668       2.206497925115083E-7
35.661513601772526        20.973368543679364       2.1684807124464488E-7
35.701438305022585        21.065612030160782       2.1312811914226073E-7
35.74111950538091         21.157960681066786       2.094873363122469E-7
35.780556946042864        21.250413836560273       2.0592322822535213E-7
35.8197503732113          21.34297083868789        2.0243340066645044E-7
35.858699535440294        21.43563103517295        1.9901555497779433E-7
35.897404186321815        21.528393777944412       1.956674844567987E-7
35.93586407147193         21.62125840294388        1.9238707047814817E-7
35.97407894798581         21.714224260783315       1.8917227847102414E-7
36.01204856923927         21.807290688268882       1.8602115477871664E-7
36.04977269406936         21.900457026984558       1.8293182267985903E-7
36.08725108293228         21.993722624162476       1.7990247850443753E-7
36.12448349214642         22.087086815474535       1.7693138916933644E-7
36.16146968342453         22.18054894628643        1.7401688854915653E-7
36.198209417307574        22.27410835118946        1.7115737538260329E-7
36.23470246028875         22.367764372897813       1.6835130978225648E-7
36.270948581145774        22.46151635617106        1.6559721059699053E-7
36.30694754326022         22.555363633278816       1.628936530078416E-7
36.34269911665371         22.64930554385693        1.6023926600912233E-7
36.37820306914372         22.74334142122597        1.5763272999394278E-7
36.413459177743306        22.837470609297565       1.5507277461758438E-7
36.44846721810318         22.931692447143657       1.5255817648581878E-7
36.48322696376625         23.02600626168864        1.5008775750375835E-7
36.51773819623693         23.120411401042276       1.4766038176178514E-7
36.55200069270352         23.214907191217208       1.4527495521084625E-7
36.58601423561156         23.30949297222504        1.4293042248692162E-7
36.61977860938493         23.404168081089193       1.406257659778534E-7
36.653293598433955        23.49893185329937        1.3836000383898292E-7
36.686558988805636        23.593783621903192       1.3613218866597093E-7
36.71957456592607         23.6887227164094         1.3394140579948844E-7
36.752340124295415        23.783748482662624       1.3178677175146143E-7
36.784855450854856        23.878860246747866       1.2966743320974098E-7
36.81712034181319         23.97405734763184        1.2758256559652538E-7
36.8491345943812          24.069339121151117       1.2553137185735472E-7
36.880898004708634        24.164704893793832       1.235130813795286E-7
36.91241037029645         24.26015399901045        1.2152694820599134E-7
36.94367149190663         24.355685776504572       1.1957225024057185E-7
36.974681172706774        24.45129956298923        1.1764828864376925E-7
37.00543921529952         24.546994685115305       1.1575438687690108E-7
37.035945427503           24.642770476438933       1.13889889429822E-7
37.066199618167325        24.73862627563456        1.1205416061364291E-7
37.096201595199844        24.83456141256155        1.1024658425684632E-7
37.125951171380066        24.930575225527488       1.0846656259126825E-7
37.15544815840002         25.026667044113672       1.067135157443793E-7
37.18469237220057         25.122836208148826       1.0498688060015225E-7
37.21368362691223         25.219082042350795       1.0328611073336883E-7
37.242421741918655        25.31540388581048        1.016106750115632E-7
37.27090648886955         25.41180090613633        9.996006033413496E-8
37.29913767702869         25.50827239053748        9.833376573760763E-8
37.327115135122874        25.60481768285213        9.67313032026471E-8
37.35483869457351         25.70143613471646        9.515219776514556E-8
37.38230818796837         25.798127092928947       9.359598743303001E-8
37.409523446676694        25.89488989746519        9.206222251708358E-8
37.4364843068922          25.991723896882874       9.055046508977819E-8
37.46319060271032         26.08862842891088        8.906028868711324E-8
37.489642173698925        26.18560284166192        8.75912777218228E-8
37.51583885354724         26.282646464472435       8.61430271915021E-8
37.54178048622648         26.37975865037087        8.471514212114987E-8
37.567466910567376        26.476938727547168       8.330723766342752E-8
37.59289797096376         26.57418603793697        8.191893820650501E-8
37.618073508377975        26.67149991254028        8.054987718188821E-8
37.642993368476844        26.768879686355223       7.919969695077426E-8
37.66765739948494         26.866324697558174       7.786804830423377E-8
37.6920654486781          26.96383427376603        7.655459036837767E-8
37.716217364779425        27.061407747657185       7.525898997017849E-8
37.740113001788174        27.159044460396103       7.398092164216725E-8
37.763752207980524        27.256743729278835       7.272006748983624E-8
37.78713483686504         27.354504880206132       7.147611681865072E-8
37.81026074587871         27.452327252097774       7.024876563130384E-8
37.833129789720516        27.550210161032837       6.903771705048301E-8
37.85574182829183         27.648152944248046       6.784268031927008E-8
37.878096719296295        27.74615491530431        6.66633714671075E-8
37.9001943275763          27.844215407192145       6.549951250003579E-8
37.92203451559227         27.942333737133044       6.435083149969048E-8
37.943617146822625        28.040509237474172       6.321706179402856E-8
37.96494208564187         28.138741223793115       6.209794286554015E-8
37.9860092000035          28.23702901198393        6.099321980255768E-8
38.00681836380689         28.335371932859335       5.990264290054296E-8
38.027369443964           28.433769295084453       5.8825967480907865E-8
38.04766231518841         28.53222042898237        5.776295383672461E-8
38.067696850356995        28.6307246444836         5.671336744097202E-8
38.087472926619945        28.729281264164396       5.5676978386844105E-8
38.106990420464854        28.827889602880063       5.4653561415960354E-8
38.126249210026444        28.926548970804586       5.364289592455619E-8
38.145249177637076        29.02525869515647        5.2644765458428935E-8
38.163990203440555        29.124018079656487       5.1658958172548995E-8
38.18247217277771         29.222826444709504       5.068526625735917E-8
38.20069497266195         29.321683103883974       4.9723486151751376E-8
38.218658491160156        29.420587376655632       4.8773418031283174E-8
38.23636261581436         29.519538567021556       4.783486616721165E-8
38.253807238495746        29.6185359937301         4.690763846088348E-8
38.270992251603616        29.717578965858692       4.5991546647885244E-8
38.28791754913628         29.81666678900411        4.508640611586617E-8
38.304583030309075        29.915798785623444       4.419203563720292E-8
38.320988590982175        30.014974255113238       4.330825748246254E-8
38.337134132672794        30.114192519383987       4.243489708786566E-8
38.35301955401188         30.21345286794613        4.157178348234896E-8
38.36864476287182         30.31275463771457        4.071874843311694E-8
38.3840096607911          30.412097119091072       3.987562713807015E-8
38.39911415692549         30.511479634091714       3.9042257635821595E-8
38.413958159100375        30.610901488024254       3.8218480984837835E-8
38.42854157618991         30.710361976124894       3.7404141258153074E-8
38.44286432374518         30.809860430288683       3.6599084949354146E-8
38.45692631296958         30.909396135048944       3.580316172597865E-8
38.47072746142541         31.00896841186606        3.5016223503072854E-8
38.484267686881886        31.108576566861167       3.423812495992446E-8
38.49754690694956         31.208219895757306       3.3468723276658677E-8
38.510565046171294        31.30789772736764        3.27078778854559E-8
38.523322025344605        31.407609353144192       3.195545077893524E-8
38.53581777122861         31.507354089995804       3.121130612574105E-8
38.54805221045179         31.607131246660988       3.0475310254240664E-8
38.560025271106454        31.706940122240407       2.9747331796076436E-8
38.57173688464761         31.806780032887012       2.9027241238394974E-8
38.58318698254419         31.906650275127102       2.8314911253168302E-8
38.59437549977476         32.00655017440324        2.7610216039646724E-8
38.605302370470106        32.106479024389124       2.691303201446006E-8
38.615967532868964        32.206436130042555       2.6223237324742528E-8
38.62637093060315         32.30642081602855        2.55407116907992E-8
38.63651250225765         32.406432370547          2.486533628860259E-8
38.64639219186361         32.50647011896697        2.4196993619661232E-8
38.65600994450613         32.60653336626013        2.353556784175206E-8
38.66536570627718         32.70662140854086        2.2880944391092403E-8
38.674459427183976        32.80673357145104        2.2233009563660508E-8
38.68329105682515         32.90686915402606        2.1591650895167682E-8
38.691860548536354        33.007027480155436       2.0956756594724827E-8
38.70016785571536         33.10720784234111        2.0328215880133262E-8
38.708212935137034        33.20740955475137        1.9705918265091545E-8
38.71599574580593         33.30763193514236        1.9089753601637402E-8
38.72351624628986         33.407874292214395       1.8479611757494887E-8
38.73077439835867         33.508135945024215       1.7875382559475968E-8
38.73777016385054         33.60841618314209        1.7276955553876044E-8
38.744503509884225        33.70871433745585        1.6684219209049276E-8
38.75097440282358         33.809029714968986       1.6097060828243365E-8
38.7571828111978          33.90936162957243        1.55153659621247E-8
38.76312870471452         34.009709387491526       1.493901787074449E-8
38.76881205643514         34.11007232015602        1.436789665874352E-8
38.774232840019955        34.21044972959893        1.3801878595440128E-8
38.779391032054455        34.31084093989757        1.3240834706853293E-8
38.78428660909296         34.4112452558408         1.2684629516638558E-8
38.78891955124356         34.51166200195341        1.2133119208564534E-8
38.79328983966442         34.61209050421258        1.1586149144431072E-8
38.797397456479395        34.71253006902769        1.1043551019067612E-8
38.80124238561024         34.812980024277756       1.0505138401350958E-8
38.80482461302759         34.91343967668224        9.970701415626004E-9
38.808144127055286        35.013908363361736       9.439998363171535E-9
38.81120091651695         35.11438538964803        8.912744874327603E-9
38.81399497313212         35.214870102860345       8.388596851481353E-9
38.81652628920066         35.31536178744327        7.867125789534114E-9
38.81879485952877         35.41585980259266        7.3477780644945596E-9
38.82080068055427         35.516363458439685       6.829809581917403E-9
38.822543750284325        35.61687208214469        6.312169110324544E-9
38.824024068176925        35.71738499131216        5.79327843599397E-9
38.825241634613754        35.81790153478664        5.270572492891986E-9
38.82552382819721         36.622077693857534       0
38.82619645162202         35.91842101567519        4.739397896170082E-9
38.82640797552777         36.52156239645488        4.90849695938236E-10
38.82688852414155         36.01894278435295        4.189763111683524E-9
38.82702951497985         36.421039265345755       9.057332367231785E-10
38.82731785785495         36.119466154435756       3.5925290339574205E-9
38.82738833976029         36.32051505983076        1.2148744171923848E-9
38.8274844606228          36.21999047461759        2.7265564133047475E-9
