0                         0.02257788360206059      7996.9909583515555
0.06043512817450721       0.022571781540758812     7994.749360526428
0.12160001923678875       0.022566866193160534     7987.914134967286
0.18372239193466172       0.022561080416980926     7976.256050137576
0.24682030417190987       0.022549024565490745     7959.538466645202
0.31090609759627286       0.02253374143035016      7937.494086995229
0.37599649370554555       0.022513003964885175     7909.84344798951
0.44210640091076153       0.022486662777304923     7876.274442938561
0.5092509832148109        0.022448520820802894     7836.4215427593435
0.5774450857074122        0.02240349106293025      7789.889446685611
0.6467038176630814        0.022356813576242036     7736.265688393879
0.7170441806890817        0.022295806823345414     7675.089780660641
0.7884800316233184        0.0222234786663307       7605.79152067781
0.8610262708341323        0.02213942278892197      7527.707098643415
0.9346988842371725        0.022043781512418464     7440.156471880095
1.009512211589639         0.021937484614047327     7342.320673961959
1.0854821589723078        0.021809876049542203     7233.28441608342
1.1633640487174501        0.02166713871672423      7110.635482759319
1.244510212690575         0.021488621579609        6970.300273539636
1.3296109995751548        0.021279681089966297     6807.9041295303205
1.4188532013669075        0.021009866871907295     6618.912302645206
1.512430833974029         0.020678870421868202     6396.7041057818415
1.6105437008525343        0.020252164867896306     6132.453290735643
1.713399387849936         0.01971721854686511      5812.199727876154
1.8212079916225           0.0190202144872162       5415.164714590581
1.9341909112791065        0.01813576966934921      4905.036905210439
2.0525615223721174        0.017038340857307637     4221.496675303746
2.1765541998172884        0.01589981370393956      3272.9716131487926
2.307288482619289         0.01557522426636073      2022.339775607133
2.4466637034916148        0.01840084783342929      845.9807367226107
2.5957724155440083        0.02724661526925501      258.15213549132665
2.755149575663294         0.042976989983160026     77.7469895651789
2.925474348293869         0.06543199479675205      26.378335321446816
3.1075095385423883        0.09457898747514615      10.153917247222957
3.3020360073577097        0.13080825129183007      4.318137613681608
3.5086417677530277        0.1744477018644812       1.9893225656798972
3.7265897298633113        0.22587264720380115      0.9772220695323441
3.956219497041896         0.28571849670304117      0.5043028253191764
4.197998709398837         0.35480322644250717      0.27025629436355053
4.451853130535245         0.43387732828171244      0.14927971679933394
4.715949279341695         0.5231592367164782       0.08478423743054232
4.988790639887042         0.6228786639961873       0.049364246575119446
5.270419083988746         0.7338289946720148       0.02930415305478062
5.559945331904068         0.8564743073641812       0.017685347368604803
5.85540683594984          0.9907670190068065       0.010842273179282163
6.1556250659565235        1.1368903871803484       0.0067388393130060386
6.460136901142819         1.2953555836610573       0.004234342537222518
6.767291001814283         1.4660151739067504       0.0026879069493526177
7.0755887654272565        1.6486755099491686       0.0017223445260380324
7.384581028471652         1.8436826838214497       0.0011117315835342605
7.692973415723743         2.050824554596911        7.224112725987402E-4
7.9995284158245035        2.2698042963987923       4.723631556827741E-4
8.30372575109635          2.5007641165094916       3.1043422833164033E-4
8.604540992306346         2.7434225392269536       2.050268991510228E-4
8.90103820992162          2.997474170682698        1.361004916947932E-4
9.192654723274645         3.262863996563237        9.081362462395747E-5
9.478570470244684         3.5392564602047445       6.096821076557618E-5
9.758097669904618         3.826364313523904        4.1239534623233754E-5
10.030675465863844        4.123973905805915        2.8156010996849704E-5
10.295645911397301        4.431710693828257        1.945242173683002E-5
10.552498496567624        4.7493074724265005       1.3636671452144583E-5
10.800703667609698        5.0764244829996334       9.727811585577953E-6
11.039726517850262        5.412652799165705        7.0791369313056365E-6
11.269161262887222        5.757707715514977        5.263094202727061E-6
11.488551188104086        6.111182557044481        3.998702100055569E-6
11.697477108567345        6.4726685818908765       3.1010084312718576E-6
11.8955834341523          6.841811150420607        2.4485591400320997E-6
12.082498493459216        7.218174809485624        1.962019019045583E-6
12.257904749339842        7.601372443343979        1.589484615184504E-6
12.421489539215294        7.990974424903291        1.2970442645573293E-6
12.572956166619447        8.386521788007936        1.0623908963834768E-6
12.712054403155545        8.787611828030128        8.706090937658176E-7
12.838535145622856        9.19378297690691         7.115462575582415E-7
12.952176020905771        9.604582304991393        5.78046390495281E-7
13.052779298095217        10.019567887410792       4.6488743874335754E-7
13.140160061319238        10.43826635340921        3.681414599178037E-7
13.214160162907156        10.860232365668415       2.847679457805087E-7
13.274633832054269        11.284983625722326       2.123844755986488E-7
13.32145659433445         11.712036415540279       1.4909830230744685E-7
13.354525622765971        12.140925913194351       9.338947343085253E-8
13.373755143835973        12.571165530850582       4.403301043722177E-8
13.379074760290626        13.003852678216845       0
